-787.56	-786.005	-781.346	-773.601	-762.802	-748.99	-732.22	-712.558	-690.082	-664.881	-637.054	-606.711	-573.971	-538.964	-501.828	-462.71	-421.764	-379.151	-335.04	-289.604	-243.024	-195.483	-147.168	-98.2701	-48.9827	0.50002	49.9827	99.2701	148.168	196.483	244.024	290.604	336.04	380.151	422.764	463.71	502.828	539.964	574.971	607.711	638.054	665.881	691.082	713.558	733.22	749.99	763.802	774.602	782.346	787.005	788.56	787.005	782.346	774.602	763.802	749.99	733.22	713.558	691.082	665.881	638.054	607.711	574.971	539.964	502.828	463.71	422.764	380.151	336.04	290.604	244.024	196.483	148.168	99.2701	49.9827	0.50002	-48.9827	-98.2701	-147.168	-195.483	-243.024	-289.604	-335.04	-379.151	-421.764	-462.71	-501.828	-538.964	-573.971	-606.711	-637.054	-664.881	-690.082	-712.558	-732.22	-748.99	-762.802	-773.601	-781.346	-786.005	
-786.005	-784.453	-779.803	-772.074	-761.295	-747.511	-730.774	-711.151	-688.72	-663.568	-635.796	-605.512	-572.837	-537.9	-500.837	-461.796	-420.93	-378.402	-334.378	-289.032	-242.543	-195.096	-146.876	-98.0753	-48.8851	0.499957	49.885	99.0752	147.876	196.096	243.543	290.032	335.378	379.402	421.93	462.796	501.837	538.9	573.838	606.513	636.796	664.568	689.72	712.151	731.774	748.511	762.296	773.074	780.803	785.453	787.005	785.453	780.803	773.074	762.296	748.511	731.774	712.151	689.72	664.568	636.796	606.513	573.838	538.9	501.837	462.796	421.931	379.402	335.378	290.032	243.544	196.096	147.876	99.0753	49.8851	0.500082	-48.885	-98.0751	-146.876	-195.096	-242.543	-289.032	-334.377	-378.402	-420.93	-461.796	-500.837	-537.9	-572.837	-605.512	-635.796	-663.568	-688.719	-711.151	-730.774	-747.511	-761.295	-772.074	-779.803	-784.453	
-781.346	-779.803	-775.181	-767.497	-756.783	-743.08	-726.442	-706.935	-684.637	-659.634	-632.027	-601.923	-569.441	-534.71	-497.867	-459.058	-418.434	-376.157	-332.394	-287.317	-241.104	-193.937	-146.003	-97.4914	-48.5926	0.499894	49.5924	98.4912	147.003	194.937	242.104	288.317	333.394	377.157	419.434	460.058	498.867	535.71	570.441	602.923	633.027	660.634	685.637	707.935	727.442	744.08	757.783	768.497	776.181	780.803	782.346	780.803	776.181	768.498	757.783	744.08	727.442	707.936	685.637	660.635	633.027	602.923	570.441	535.711	498.868	460.058	419.434	377.157	333.394	288.317	242.104	194.937	147.003	98.4914	49.5927	0.500142	-48.5924	-97.4911	-146.003	-193.937	-241.104	-287.317	-332.394	-376.157	-418.434	-459.057	-497.867	-534.71	-569.441	-601.923	-632.027	-659.634	-684.637	-706.935	-726.442	-743.08	-756.783	-767.497	-775.181	-779.803	
-773.601	-772.074	-767.497	-759.89	-749.281	-735.714	-719.241	-699.928	-677.85	-653.095	-625.761	-595.955	-563.796	-529.409	-492.931	-454.505	-414.284	-372.426	-329.096	-284.466	-238.711	-192.011	-144.552	-96.5208	-48.1064	0.499829	49.1061	97.5205	145.552	193.011	239.71	285.466	330.096	373.426	415.284	455.505	493.931	530.409	564.796	596.955	626.761	654.095	678.85	700.928	720.241	736.714	750.282	760.89	768.497	773.074	774.602	773.074	768.498	760.89	750.282	736.714	720.241	700.928	678.85	654.096	626.761	596.956	564.796	530.409	493.931	455.506	415.284	373.426	330.097	285.466	239.711	193.011	145.552	97.5208	49.1064	0.500201	-48.106	-96.5204	-144.552	-192.011	-238.71	-284.466	-329.096	-372.426	-414.284	-454.505	-492.931	-529.409	-563.795	-595.955	-625.761	-653.095	-677.85	-699.928	-719.241	-735.714	-749.281	-759.89	-767.497	-772.074	
-762.802	-761.295	-756.783	-749.281	-738.821	-725.443	-709.2	-690.156	-668.386	-643.977	-617.024	-587.634	-555.923	-522.016	-486.047	-448.158	-408.498	-367.224	-324.498	-280.49	-235.373	-189.326	-142.529	-95.1673	-47.4283	0.499764	48.4279	96.1668	143.528	190.325	236.373	281.49	325.498	368.223	409.497	449.157	487.047	523.016	556.923	588.634	618.024	644.977	669.386	691.156	710.2	726.443	739.821	750.282	757.783	762.296	763.802	762.296	757.783	750.282	739.821	726.443	710.2	691.156	669.387	644.977	618.024	588.634	556.923	523.016	487.047	449.158	409.498	368.224	325.498	281.49	236.373	190.326	143.529	96.1673	48.4284	0.500257	-47.4279	-95.1668	-142.528	-189.325	-235.373	-280.49	-324.498	-367.223	-408.497	-448.157	-486.047	-522.016	-555.923	-587.634	-617.024	-643.977	-668.386	-690.156	-709.2	-725.443	-738.821	-749.281	-756.783	-761.295	
-748.99	-747.511	-743.08	-735.714	-725.443	-712.307	-696.358	-677.659	-656.283	-632.315	-605.85	-576.992	-545.855	-512.561	-477.243	-440.039	-401.097	-360.57	-318.617	-275.406	-231.105	-185.891	-139.941	-93.4363	-46.5611	0.4997	47.5605	94.4357	140.94	186.89	232.105	276.405	319.617	361.569	402.096	441.039	478.243	513.561	546.854	577.992	606.85	633.315	657.283	678.659	697.358	713.307	726.443	736.714	744.08	748.511	749.99	748.511	744.08	736.714	726.443	713.307	697.358	678.659	657.283	633.315	606.85	577.992	546.855	513.561	478.243	441.039	402.097	361.57	319.617	276.406	232.105	186.891	140.941	94.4363	47.5612	0.500311	-46.5605	-93.4357	-139.94	-185.89	-231.105	-275.405	-318.617	-360.569	-401.096	-440.039	-477.242	-512.561	-545.854	-576.991	-605.85	-632.315	-656.283	-677.658	-696.358	-712.307	-725.443	-735.714	-743.08	-747.511	
-732.22	-730.774	-726.442	-719.241	-709.2	-696.358	-680.766	-662.485	-641.587	-618.156	-592.283	-564.07	-533.63	-501.081	-466.553	-430.182	-392.111	-352.491	-311.477	-269.232	-225.923	-181.72	-136.798	-91.3345	-45.5082	0.499635	46.5075	92.3338	137.798	182.72	226.923	270.232	312.477	353.49	393.111	431.182	467.553	502.081	534.63	565.07	593.283	619.156	642.587	663.485	681.766	697.358	710.2	720.241	727.442	731.774	733.22	731.774	727.442	720.241	710.2	697.358	681.766	663.485	642.587	619.156	593.283	565.071	534.63	502.082	467.553	431.182	393.111	353.491	312.477	270.232	226.923	182.72	137.798	92.3345	46.5082	0.500364	-45.5075	-91.3338	-136.798	-181.72	-225.922	-269.232	-311.477	-352.49	-392.111	-430.182	-466.553	-501.081	-533.629	-564.07	-592.282	-618.155	-641.587	-662.484	-680.765	-696.358	-709.2	-719.241	-726.442	-730.774	
-712.558	-711.151	-706.935	-699.928	-690.156	-677.659	-662.485	-644.694	-624.358	-601.555	-576.376	-548.921	-519.297	-487.622	-454.021	-418.625	-381.576	-343.019	-303.106	-261.995	-219.847	-176.831	-133.114	-88.8703	-44.2737	0.499571	45.2729	89.8695	134.113	177.83	220.847	262.994	304.105	344.018	382.575	419.625	455.02	488.622	520.297	549.92	577.376	602.555	625.357	645.694	663.485	678.659	691.156	700.928	707.935	712.151	713.558	712.151	707.936	700.928	691.156	678.659	663.485	645.695	625.358	602.555	577.376	549.921	520.297	488.622	455.021	419.625	382.576	344.019	304.106	262.995	220.847	177.831	134.114	89.8703	45.2737	0.500413	-44.2729	-88.8695	-133.113	-176.83	-219.847	-261.994	-303.105	-343.018	-381.575	-418.625	-454.02	-487.622	-519.297	-548.92	-576.376	-601.555	-624.357	-644.694	-662.484	-677.658	-690.156	-699.928	-706.935	-711.151	
-690.082	-688.72	-684.637	-677.85	-668.386	-656.283	-641.587	-624.358	-604.662	-582.578	-558.193	-531.603	-502.913	-472.236	-439.694	-405.414	-369.533	-332.191	-293.536	-253.721	-212.902	-171.241	-128.903	-86.0534	-42.8625	0.499508	43.8615	87.0524	129.902	172.24	213.901	254.72	294.535	333.19	370.532	406.414	440.693	473.236	503.913	532.603	559.193	583.578	605.662	625.357	642.587	657.283	669.386	678.85	685.637	689.72	691.082	689.72	685.637	678.85	669.387	657.283	642.587	625.358	605.662	583.578	559.193	532.603	503.913	473.237	440.694	406.415	370.533	333.191	294.536	254.721	213.902	172.241	129.903	87.0534	43.8625	0.50046	-42.8616	-86.0525	-128.902	-171.24	-212.901	-253.72	-293.535	-332.19	-369.532	-405.414	-439.693	-472.236	-502.912	-531.602	-558.192	-582.578	-604.662	-624.357	-641.587	-656.283	-668.386	-677.85	-684.637	-688.719	
-664.881	-663.568	-659.634	-653.095	-643.977	-632.315	-618.156	-601.555	-582.578	-561.3	-537.805	-512.185	-484.542	-454.985	-423.63	-390.602	-356.029	-320.05	-282.806	-244.444	-205.115	-164.974	-124.181	-82.8949	-41.2802	0.499447	42.2791	83.8938	125.179	165.973	206.114	245.443	283.805	321.049	357.029	391.601	424.63	455.984	485.542	513.185	538.804	562.3	583.578	602.555	619.156	633.315	644.977	654.095	660.634	664.568	665.881	664.568	660.635	654.096	644.977	633.315	619.156	602.555	583.578	562.3	538.805	513.185	485.542	455.985	424.63	391.602	357.03	321.05	283.806	245.444	206.115	165.974	125.18	83.8949	42.2801	0.500505	-41.2791	-82.8939	-124.179	-164.973	-205.114	-244.443	-282.805	-320.049	-356.029	-390.601	-423.629	-454.984	-484.542	-512.185	-537.804	-561.3	-582.578	-601.555	-618.155	-632.315	-643.977	-653.095	-659.634	-663.568	
-637.054	-635.796	-632.027	-625.761	-617.024	-605.85	-592.283	-576.376	-558.193	-537.805	-515.292	-490.744	-464.257	-435.936	-405.893	-374.245	-341.119	-306.645	-270.958	-234.2	-196.516	-158.054	-118.966	-79.4073	-39.533	0.499387	40.5317	80.4061	119.965	159.053	197.514	235.199	271.957	307.643	342.118	375.244	406.892	436.935	465.257	491.743	516.292	538.804	559.193	577.376	593.283	606.85	618.024	626.761	633.027	636.796	638.054	636.796	633.027	626.761	618.024	606.85	593.283	577.376	559.193	538.805	516.292	491.744	465.257	436.936	406.893	375.245	342.119	307.644	271.958	235.2	197.516	159.054	119.966	80.4072	40.5329	0.500546	-39.5318	-79.4062	-118.965	-158.053	-196.514	-234.199	-270.957	-306.643	-341.118	-374.244	-405.892	-435.935	-464.256	-490.743	-515.292	-537.804	-558.193	-576.376	-592.282	-605.85	-617.024	-625.761	-632.027	-635.796	
-606.711	-605.513	-601.923	-595.955	-587.634	-576.992	-564.07	-548.921	-531.603	-512.185	-490.744	-467.364	-442.138	-415.165	-386.551	-356.41	-324.86	-292.027	-258.038	-223.03	-187.139	-150.508	-113.281	-75.6043	-37.6277	0.499329	38.6264	76.603	114.279	151.507	188.138	224.029	259.037	293.025	325.859	357.409	387.55	416.164	443.137	468.364	491.743	513.185	532.603	549.92	565.07	577.992	588.634	596.955	602.923	606.513	607.711	606.513	602.923	596.956	588.634	577.992	565.071	549.921	532.603	513.185	491.744	468.364	443.138	416.165	387.551	357.41	325.86	293.027	259.038	224.03	188.139	151.508	114.281	76.6043	38.6277	0.500585	-37.6265	-75.6031	-113.279	-150.507	-187.138	-223.029	-258.037	-292.025	-324.859	-356.409	-386.55	-415.164	-442.137	-467.363	-490.743	-512.185	-531.602	-548.92	-564.07	-576.991	-587.634	-595.955	-601.923	-605.512	
-573.971	-572.837	-569.441	-563.796	-555.923	-545.855	-533.63	-519.297	-502.913	-484.542	-464.257	-442.138	-418.272	-392.753	-365.682	-337.166	-307.318	-276.254	-244.099	-210.978	-177.022	-142.366	-107.146	-71.501	-35.5721	0.499274	36.5706	72.4996	108.144	143.364	178.021	211.976	245.097	277.253	308.316	338.165	366.681	393.752	419.271	443.137	465.257	485.542	503.913	520.297	534.63	546.854	556.923	564.796	570.441	573.838	574.971	573.838	570.441	564.796	556.923	546.855	534.63	520.297	503.913	485.542	465.257	443.138	419.272	393.753	366.682	338.166	308.318	277.254	245.098	211.978	178.022	143.366	108.146	72.5009	36.572	0.500621	-35.5707	-71.4997	-107.145	-142.365	-177.021	-210.976	-244.097	-276.253	-307.316	-337.165	-365.681	-392.752	-418.271	-442.137	-464.256	-484.542	-502.912	-519.297	-533.629	-545.854	-555.923	-563.795	-569.441	-572.837	
-538.964	-537.9	-534.71	-529.409	-522.016	-512.561	-501.081	-487.622	-472.236	-454.985	-435.936	-415.165	-392.753	-368.789	-343.368	-316.59	-288.56	-259.39	-229.193	-198.091	-166.204	-133.66	-100.586	-67.1136	-33.374	0.499221	34.3725	68.112	101.585	134.659	167.203	199.089	230.192	260.388	289.559	317.589	344.367	369.788	393.752	416.164	436.935	455.984	473.236	488.622	502.081	513.561	523.016	530.409	535.71	538.9	539.964	538.9	535.711	530.409	523.016	513.561	502.081	488.622	473.237	455.985	436.936	416.165	393.753	369.789	344.368	317.59	289.56	260.389	230.193	199.091	167.204	134.66	101.586	68.1135	34.3739	0.500654	-33.3726	-67.1121	-100.585	-133.659	-166.203	-198.089	-229.192	-259.388	-288.559	-316.589	-343.367	-368.788	-392.752	-415.164	-435.935	-454.984	-472.236	-487.622	-501.081	-512.561	-522.016	-529.409	-534.71	-537.9	
-501.828	-500.837	-497.867	-492.931	-486.047	-477.243	-466.553	-454.021	-439.694	-423.63	-405.893	-386.551	-365.682	-343.368	-319.697	-294.762	-268.662	-241.499	-213.382	-184.42	-154.729	-124.425	-93.6278	-62.4593	-31.0423	0.499171	32.0406	63.4576	94.6261	125.423	155.727	185.419	214.38	242.498	269.66	295.761	320.696	344.367	366.681	387.55	406.892	424.63	440.693	455.02	467.553	478.243	487.047	493.931	498.867	501.837	502.828	501.837	498.868	493.931	487.047	478.243	467.553	455.021	440.694	424.63	406.893	387.551	366.682	344.368	320.697	295.762	269.662	242.499	214.382	185.42	155.729	125.425	94.6276	63.4591	32.0421	0.500685	-31.0408	-62.4578	-93.6263	-124.423	-154.727	-184.419	-213.38	-241.498	-268.66	-294.761	-319.696	-343.367	-365.681	-386.55	-405.892	-423.629	-439.693	-454.02	-466.553	-477.242	-486.047	-492.931	-497.867	-500.837	
-462.71	-461.796	-459.058	-454.505	-448.158	-440.039	-430.182	-418.625	-405.414	-390.602	-374.245	-356.41	-337.166	-316.59	-294.762	-271.769	-247.701	-222.654	-196.726	-170.02	-142.641	-114.697	-86.2978	-57.5565	-28.5861	0.499124	29.5843	58.5548	87.2961	115.695	143.639	171.018	197.724	223.652	248.7	272.767	295.761	317.589	338.165	357.409	375.244	391.601	406.414	419.625	431.182	441.039	449.157	455.505	460.057	462.796	463.71	462.796	460.058	455.506	449.158	441.039	431.182	419.625	406.414	391.602	375.245	357.41	338.166	317.59	295.762	272.769	248.701	223.654	197.726	171.02	143.64	115.696	87.2976	58.5563	29.5859	0.500712	-28.5845	-57.5549	-86.2962	-114.695	-142.639	-170.018	-196.725	-222.653	-247.7	-271.767	-294.761	-316.589	-337.165	-356.409	-374.244	-390.601	-405.414	-418.625	-430.182	-440.039	-448.157	-454.505	-459.057	-461.796	
-421.764	-420.931	-418.434	-414.284	-408.498	-401.097	-392.111	-381.576	-369.533	-356.029	-341.119	-324.86	-307.318	-288.56	-268.662	-247.701	-225.761	-202.928	-179.292	-154.946	-129.988	-104.514	-78.6252	-52.4246	-26.0151	0.499081	27.0132	53.4228	79.6234	105.512	130.986	155.945	180.29	203.926	226.759	248.7	269.66	289.559	308.316	325.859	342.118	357.029	370.532	382.575	393.111	402.096	409.497	415.284	419.434	421.93	422.764	421.931	419.434	415.284	409.498	402.097	393.111	382.576	370.533	357.029	342.119	325.86	308.318	289.56	269.662	248.701	226.761	203.928	180.292	155.946	130.987	105.513	79.6251	53.4244	27.0149	0.500737	-26.0134	-52.4229	-78.6236	-104.512	-129.986	-154.945	-179.29	-202.926	-225.76	-247.7	-268.66	-288.559	-307.316	-324.859	-341.118	-356.029	-369.532	-381.575	-392.111	-401.096	-408.497	-414.284	-418.434	-420.93	
-379.151	-378.402	-376.157	-372.426	-367.224	-360.57	-352.491	-343.019	-332.191	-320.05	-306.645	-292.027	-276.254	-259.39	-241.499	-222.654	-202.928	-182.399	-161.148	-139.26	-116.819	-93.9162	-70.6404	-47.0838	-23.3394	0.499042	24.3375	48.0819	71.6385	94.9144	117.818	140.258	162.147	183.397	203.926	223.652	242.498	260.388	277.253	293.025	307.643	321.049	333.19	344.018	353.49	361.569	368.223	373.426	377.157	379.402	380.151	379.402	377.157	373.426	368.224	361.57	353.491	344.019	333.191	321.05	307.644	293.027	277.254	260.389	242.499	223.654	203.928	183.399	162.148	140.26	117.819	94.9161	71.6402	48.0836	24.3392	0.500759	-23.3377	-47.0821	-70.6387	-93.9146	-116.818	-139.258	-161.147	-182.398	-202.926	-222.653	-241.498	-259.388	-276.253	-292.025	-306.644	-320.049	-332.19	-343.018	-352.49	-360.569	-367.223	-372.426	-376.157	-378.402	
-335.04	-334.378	-332.394	-329.097	-324.498	-318.617	-311.477	-303.106	-293.536	-282.806	-270.958	-258.038	-244.099	-229.193	-213.382	-196.726	-179.292	-161.148	-142.367	-123.021	-103.188	-82.9463	-62.3748	-41.5553	-20.5697	0.499007	21.5677	42.5533	63.3729	83.9444	104.187	124.019	143.365	162.147	180.29	197.724	214.38	230.192	245.097	259.037	271.957	283.805	294.535	304.105	312.477	319.617	325.498	330.096	333.394	335.378	336.04	335.378	333.394	330.097	325.498	319.617	312.477	304.106	294.536	283.806	271.958	259.038	245.098	230.193	214.382	197.726	180.292	162.148	143.367	124.021	104.188	83.9461	63.3746	42.555	21.5695	0.500779	-20.5679	-41.5535	-62.3731	-82.9446	-103.187	-123.02	-142.365	-161.147	-179.29	-196.725	-213.38	-229.192	-244.097	-258.037	-270.957	-282.805	-293.535	-303.105	-311.477	-318.617	-324.498	-329.096	-332.394	-334.377	
-289.604	-289.032	-287.317	-284.466	-280.49	-275.406	-269.232	-261.995	-253.721	-244.444	-234.2	-223.03	-210.978	-198.091	-184.42	-170.02	-154.946	-139.26	-123.021	-106.295	-89.1481	-71.647	-53.8611	-35.8607	-17.7168	0.498976	18.7148	36.8587	54.8591	72.645	90.1462	107.294	124.019	140.258	155.945	171.018	185.419	199.089	211.976	224.029	235.199	245.443	254.72	262.994	270.232	276.405	281.49	285.466	288.317	290.032	290.604	290.032	288.317	285.466	281.49	276.406	270.232	262.995	254.721	245.444	235.2	224.03	211.977	199.091	185.42	171.02	155.946	140.26	124.021	107.295	90.1479	72.6468	54.8609	36.8605	18.7166	0.500795	-17.715	-35.8589	-53.8593	-71.6452	-89.1464	-106.294	-123.02	-139.258	-154.945	-170.018	-184.419	-198.089	-210.976	-223.029	-234.199	-244.443	-253.72	-261.994	-269.232	-275.405	-280.49	-284.466	-287.317	-289.032	
-243.024	-242.543	-241.104	-238.711	-235.373	-231.105	-225.923	-219.847	-212.902	-205.115	-196.516	-187.139	-177.022	-166.204	-154.729	-142.641	-129.988	-116.819	-103.188	-89.1481	-74.754	-60.063	-45.1329	-30.0227	-14.792	0.49895	15.7899	31.0206	46.1308	61.0609	75.752	90.1462	104.187	117.818	130.986	143.639	155.727	167.203	178.021	188.138	197.514	206.114	213.901	220.847	226.922	232.105	236.373	239.71	242.104	243.543	244.024	243.543	242.104	239.711	236.373	232.105	226.923	220.847	213.902	206.115	197.516	188.139	178.022	167.204	155.729	143.64	130.987	117.819	104.188	90.1479	75.7538	61.0627	46.1326	31.0224	15.7918	0.500809	-14.7902	-30.0208	-45.131	-60.0612	-74.7523	-89.1464	-103.187	-116.818	-129.986	-142.639	-154.727	-166.203	-177.021	-187.138	-196.515	-205.114	-212.901	-219.847	-225.923	-231.105	-235.373	-238.71	-241.104	-242.543	
-195.483	-195.096	-193.937	-192.011	-189.326	-185.891	-181.72	-176.831	-171.241	-164.974	-158.054	-150.508	-142.366	-133.66	-124.425	-114.697	-104.514	-93.9163	-82.9463	-71.647	-60.063	-48.2399	-36.2245	-24.0642	-11.8069	0.498928	12.8048	25.0621	37.2224	49.2378	61.0609	72.645	83.9444	94.9144	105.512	115.695	125.423	134.659	143.364	151.507	159.053	165.973	172.24	177.83	182.72	186.89	190.325	193.011	194.937	196.096	196.483	196.096	194.937	193.011	190.326	186.891	182.72	177.831	172.241	165.974	159.054	151.508	143.366	134.66	125.425	115.696	105.513	94.9161	83.9461	72.6468	61.0627	49.2397	37.2243	25.0639	12.8067	0.50082	-11.805	-24.0623	-36.2227	-48.2381	-60.0612	-71.6452	-82.9446	-93.9146	-104.512	-114.695	-124.423	-133.659	-142.365	-150.507	-158.053	-164.973	-171.24	-176.83	-181.72	-185.89	-189.325	-192.011	-193.937	-195.096	
-147.168	-146.876	-146.003	-144.552	-142.529	-139.941	-136.798	-133.114	-128.903	-124.181	-118.966	-113.281	-107.146	-100.586	-93.6278	-86.2978	-78.6252	-70.6404	-62.3748	-53.8611	-45.1329	-36.2245	-27.1712	-18.0088	-8.77322	0.498911	9.77105	19.0066	28.1691	37.2224	46.1308	54.8591	63.3729	71.6385	79.6234	87.2961	94.6261	101.585	108.144	114.279	119.965	125.179	129.902	134.113	137.798	140.94	143.528	145.552	147.003	147.876	148.168	147.876	147.003	145.552	143.529	140.941	137.798	134.114	129.903	125.18	119.966	114.28	108.146	101.586	94.6276	87.2976	79.625	71.6402	63.3746	54.8609	46.1326	37.2243	28.171	19.0085	9.77296	0.500829	-8.77131	-18.0069	-27.1694	-36.2227	-45.131	-53.8593	-62.3731	-70.6387	-78.6236	-86.2962	-93.6263	-100.585	-107.145	-113.279	-118.965	-124.18	-128.902	-133.113	-136.798	-139.94	-142.528	-144.552	-146.003	-146.876	
-98.2701	-98.0753	-97.4914	-96.5208	-95.1673	-93.4363	-91.3345	-88.8703	-86.0534	-82.8949	-79.4073	-75.6044	-71.5011	-67.1136	-62.4593	-57.5565	-52.4246	-47.0838	-41.5553	-35.8607	-30.0227	-24.0642	-18.0088	-11.8803	-5.70293	0.498898	6.70073	12.8781	19.0066	25.0621	31.0206	36.8587	42.5533	48.0819	53.4228	58.5547	63.4576	68.112	72.4996	76.603	80.4061	83.8938	87.0524	89.8694	92.3337	94.4356	96.1668	97.5204	98.4911	99.0751	99.2701	99.0753	98.4914	97.5208	96.1673	94.4362	92.3345	89.8702	87.0533	83.8948	80.4072	76.6042	72.5009	68.1134	63.4591	58.5563	53.4244	48.0836	42.555	36.8605	31.0224	25.0639	19.0085	12.88	6.70266	0.500835	-5.70099	-11.8783	-18.0069	-24.0623	-30.0208	-35.8589	-41.5535	-47.0821	-52.423	-57.5549	-62.4578	-67.1122	-71.4997	-75.6031	-79.4062	-82.8939	-86.0525	-88.8695	-91.3338	-93.4357	-95.1669	-96.5205	-97.4912	-98.0752	
-48.9827	-48.8851	-48.5927	-48.1064	-47.4284	-46.5612	-45.5082	-44.2737	-42.8625	-41.2802	-39.533	-37.6278	-35.5721	-33.374	-31.0423	-28.5861	-26.0151	-23.3394	-20.5697	-17.7168	-14.792	-11.8069	-8.77322	-5.70293	-2.60815	0.498891	3.60594	6.70073	9.77105	12.8048	15.7899	18.7148	21.5677	24.3375	27.0132	29.5843	32.0406	34.3725	36.5706	38.6264	40.5317	42.2791	43.8615	45.2728	46.5075	47.5605	48.4278	49.106	49.5924	49.885	49.9827	49.8851	49.5926	49.1064	48.4283	47.5611	46.5082	45.2737	43.8624	42.2801	40.5329	38.6276	36.5719	34.3739	32.0421	29.5859	27.0149	24.3392	21.5695	18.7166	15.7918	12.8067	9.77296	6.70266	3.60788	0.500839	-2.60621	-5.70099	-8.77131	-11.805	-14.7902	-17.715	-20.5679	-23.3377	-26.0134	-28.5845	-31.0408	-33.3726	-35.5707	-37.6265	-39.5318	-41.2792	-42.8616	-44.2729	-45.5075	-46.5606	-47.4279	-48.1061	-48.5924	-48.885	
0.499979	0.499917	0.499856	0.499793	0.499731	0.499668	0.499606	0.499545	0.499485	0.499426	0.499368	0.499313	0.49926	0.499209	0.499161	0.499116	0.499075	0.499037	0.499003	0.498973	0.498948	0.498927	0.49891	0.498898	0.498891	0.498888	0.498891	0.498898	0.49891	0.498927	0.498948	0.498973	0.499003	0.499037	0.499075	0.499116	0.499161	0.499209	0.49926	0.499313	0.499368	0.499426	0.499485	0.499545	0.499606	0.499668	0.499731	0.499793	0.499856	0.499917	0.499979	0.500039	0.500098	0.500156	0.500213	0.500268	0.50032	0.500371	0.50042	0.500466	0.50051	0.500552	0.500591	0.500627	0.500661	0.500692	0.50072	0.500745	0.500767	0.500787	0.500803	0.500816	0.500827	0.500834	0.500839	0.50084	0.500839	0.500834	0.500827	0.500816	0.500803	0.500787	0.500767	0.500745	0.50072	0.500692	0.500661	0.500627	0.500591	0.500552	0.50051	0.500466	0.50042	0.500371	0.50032	0.500268	0.500213	0.500156	0.500098	0.500039	
49.9827	49.885	49.5924	49.106	48.4278	47.5605	46.5075	45.2728	43.8615	42.2791	40.5317	38.6264	36.5706	34.3725	32.0406	29.5843	27.0132	24.3375	21.5677	18.7148	15.7899	12.8048	9.77105	6.70073	3.60594	0.498891	-2.60815	-5.70293	-8.77322	-11.8069	-14.792	-17.7168	-20.5697	-23.3394	-26.0151	-28.5861	-31.0423	-33.374	-35.5721	-37.6278	-39.533	-41.2802	-42.8625	-44.2737	-45.5082	-46.5612	-47.4284	-48.1064	-48.5927	-48.8851	-48.9827	-48.885	-48.5924	-48.1061	-47.4279	-46.5606	-45.5075	-44.2729	-42.8616	-41.2792	-39.5318	-37.6265	-35.5707	-33.3726	-31.0408	-28.5845	-26.0134	-23.3377	-20.5679	-17.715	-14.7902	-11.805	-8.77131	-5.70099	-2.60621	0.500839	3.60788	6.70266	9.77296	12.8067	15.7918	18.7166	21.5695	24.3392	27.0149	29.5859	32.0421	34.3739	36.5719	38.6276	40.5329	42.2801	43.8624	45.2737	46.5082	47.5611	48.4283	49.1064	49.5926	49.8851	
99.2701	99.0751	98.4911	97.5204	96.1668	94.4356	92.3337	89.8694	87.0524	83.8938	80.4061	76.603	72.4996	68.112	63.4576	58.5547	53.4228	48.0819	42.5533	36.8587	31.0206	25.0621	19.0066	12.8781	6.70073	0.498898	-5.70293	-11.8803	-18.0088	-24.0642	-30.0227	-35.8607	-41.5553	-47.0838	-52.4246	-57.5565	-62.4593	-67.1136	-71.5011	-75.6044	-79.4073	-82.8949	-86.0534	-88.8703	-91.3345	-93.4363	-95.1673	-96.5208	-97.4914	-98.0753	-98.2701	-98.0752	-97.4912	-96.5205	-95.1669	-93.4357	-91.3338	-88.8695	-86.0525	-82.8939	-79.4062	-75.6031	-71.4997	-67.1122	-62.4578	-57.5549	-52.423	-47.0821	-41.5535	-35.8589	-30.0208	-24.0623	-18.0069	-11.8783	-5.70099	0.500835	6.70266	12.88	19.0085	25.0639	31.0224	36.8605	42.555	48.0836	53.4244	58.5563	63.4591	68.1134	72.5009	76.6042	80.4072	83.8948	87.0533	89.8702	92.3345	94.4362	96.1673	97.5208	98.4914	99.0753	
148.168	147.876	147.003	145.552	143.528	140.94	137.798	134.113	129.902	125.179	119.965	114.279	108.144	101.585	94.6261	87.2961	79.6234	71.6385	63.3729	54.8591	46.1308	37.2224	28.1691	19.0066	9.77105	0.498911	-8.77322	-18.0088	-27.1712	-36.2245	-45.1329	-53.8611	-62.3748	-70.6404	-78.6252	-86.2978	-93.6278	-100.586	-107.146	-113.281	-118.966	-124.181	-128.903	-133.114	-136.798	-139.941	-142.529	-144.552	-146.003	-146.876	-147.168	-146.876	-146.003	-144.552	-142.528	-139.94	-136.798	-133.113	-128.902	-124.18	-118.965	-113.279	-107.145	-100.585	-93.6263	-86.2962	-78.6236	-70.6387	-62.3731	-53.8593	-45.131	-36.2227	-27.1694	-18.0069	-8.77131	0.500829	9.77296	19.0085	28.171	37.2243	46.1326	54.8609	63.3746	71.6402	79.625	87.2976	94.6276	101.586	108.146	114.28	119.966	125.18	129.903	134.114	137.798	140.941	143.529	145.552	147.003	147.876	
196.483	196.096	194.937	193.011	190.325	186.89	182.72	177.83	172.24	165.973	159.053	151.507	143.364	134.659	125.423	115.695	105.512	94.9144	83.9444	72.645	61.0609	49.2378	37.2224	25.0621	12.8048	0.498928	-11.8069	-24.0642	-36.2245	-48.2399	-60.063	-71.647	-82.9463	-93.9163	-104.514	-114.697	-124.425	-133.66	-142.366	-150.508	-158.054	-164.974	-171.241	-176.831	-181.72	-185.891	-189.326	-192.011	-193.937	-195.096	-195.483	-195.096	-193.937	-192.011	-189.325	-185.89	-181.72	-176.83	-171.24	-164.973	-158.053	-150.507	-142.365	-133.659	-124.423	-114.695	-104.512	-93.9146	-82.9446	-71.6452	-60.0612	-48.2381	-36.2227	-24.0623	-11.805	0.50082	12.8067	25.0639	37.2243	49.2397	61.0627	72.6468	83.9461	94.9161	105.513	115.696	125.425	134.66	143.366	151.508	159.054	165.974	172.241	177.831	182.72	186.891	190.326	193.011	194.937	196.096	
244.024	243.543	242.104	239.71	236.373	232.105	226.922	220.847	213.901	206.114	197.514	188.138	178.021	167.203	155.727	143.639	130.986	117.818	104.187	90.1462	75.752	61.0609	46.1308	31.0206	15.7899	0.49895	-14.792	-30.0227	-45.1329	-60.063	-74.754	-89.1481	-103.188	-116.819	-129.988	-142.641	-154.729	-166.204	-177.022	-187.139	-196.516	-205.115	-212.902	-219.847	-225.923	-231.105	-235.373	-238.711	-241.104	-242.543	-243.024	-242.543	-241.104	-238.71	-235.373	-231.105	-225.923	-219.847	-212.901	-205.114	-196.515	-187.138	-177.021	-166.203	-154.727	-142.639	-129.986	-116.818	-103.187	-89.1464	-74.7523	-60.0612	-45.131	-30.0208	-14.7902	0.500809	15.7918	31.0224	46.1326	61.0627	75.7538	90.1479	104.188	117.819	130.987	143.64	155.729	167.204	178.022	188.139	197.516	206.115	213.902	220.847	226.923	232.105	236.373	239.711	242.104	243.543	
290.604	290.032	288.317	285.466	281.49	276.405	270.232	262.994	254.72	245.443	235.199	224.029	211.976	199.089	185.419	171.018	155.945	140.258	124.019	107.294	90.1462	72.645	54.8591	36.8587	18.7148	0.498976	-17.7168	-35.8607	-53.8611	-71.647	-89.1481	-106.295	-123.021	-139.26	-154.946	-170.02	-184.42	-198.091	-210.978	-223.03	-234.2	-244.444	-253.721	-261.995	-269.232	-275.406	-280.49	-284.466	-287.317	-289.032	-289.604	-289.032	-287.317	-284.466	-280.49	-275.405	-269.232	-261.994	-253.72	-244.443	-234.199	-223.029	-210.976	-198.089	-184.419	-170.018	-154.945	-139.258	-123.02	-106.294	-89.1464	-71.6452	-53.8593	-35.8589	-17.715	0.500795	18.7166	36.8605	54.8609	72.6468	90.1479	107.295	124.021	140.26	155.946	171.02	185.42	199.091	211.977	224.03	235.2	245.444	254.721	262.995	270.232	276.406	281.49	285.466	288.317	290.032	
336.04	335.378	333.394	330.096	325.498	319.617	312.477	304.105	294.535	283.805	271.957	259.037	245.097	230.192	214.38	197.724	180.29	162.147	143.365	124.019	104.187	83.9444	63.3729	42.5533	21.5677	0.499007	-20.5697	-41.5553	-62.3748	-82.9463	-103.188	-123.021	-142.367	-161.148	-179.292	-196.726	-213.382	-229.193	-244.099	-258.038	-270.958	-282.806	-293.536	-303.106	-311.477	-318.617	-324.498	-329.097	-332.394	-334.378	-335.04	-334.377	-332.394	-329.096	-324.498	-318.617	-311.477	-303.105	-293.535	-282.805	-270.957	-258.037	-244.097	-229.192	-213.38	-196.725	-179.29	-161.147	-142.365	-123.02	-103.187	-82.9446	-62.3731	-41.5535	-20.5679	0.500779	21.5695	42.555	63.3746	83.9461	104.188	124.021	143.367	162.148	180.292	197.726	214.382	230.193	245.098	259.038	271.958	283.806	294.536	304.106	312.477	319.617	325.498	330.097	333.394	335.378	
380.151	379.402	377.157	373.426	368.223	361.569	353.49	344.018	333.19	321.049	307.643	293.025	277.253	260.388	242.498	223.652	203.926	183.397	162.147	140.258	117.818	94.9144	71.6385	48.0819	24.3375	0.499042	-23.3394	-47.0838	-70.6404	-93.9162	-116.819	-139.26	-161.148	-182.399	-202.928	-222.654	-241.499	-259.39	-276.254	-292.027	-306.645	-320.05	-332.191	-343.019	-352.491	-360.57	-367.224	-372.426	-376.157	-378.402	-379.151	-378.402	-376.157	-372.426	-367.223	-360.569	-352.49	-343.018	-332.19	-320.049	-306.644	-292.025	-276.253	-259.388	-241.498	-222.653	-202.926	-182.398	-161.147	-139.258	-116.818	-93.9146	-70.6387	-47.0821	-23.3377	0.500759	24.3392	48.0836	71.6402	94.9161	117.819	140.26	162.148	183.399	203.928	223.654	242.499	260.389	277.254	293.027	307.644	321.05	333.191	344.019	353.491	361.57	368.224	373.426	377.157	379.402	
422.764	421.93	419.434	415.284	409.497	402.096	393.111	382.575	370.532	357.029	342.118	325.859	308.316	289.559	269.66	248.7	226.759	203.926	180.29	155.945	130.986	105.512	79.6234	53.4228	27.0132	0.499081	-26.0151	-52.4246	-78.6252	-104.514	-129.988	-154.946	-179.292	-202.928	-225.761	-247.701	-268.662	-288.56	-307.318	-324.86	-341.119	-356.029	-369.533	-381.576	-392.111	-401.097	-408.498	-414.284	-418.434	-420.931	-421.764	-420.93	-418.434	-414.284	-408.497	-401.096	-392.111	-381.575	-369.532	-356.029	-341.118	-324.859	-307.316	-288.559	-268.66	-247.7	-225.76	-202.926	-179.29	-154.945	-129.986	-104.512	-78.6236	-52.4229	-26.0134	0.500737	27.0149	53.4244	79.6251	105.513	130.987	155.946	180.292	203.928	226.761	248.701	269.662	289.56	308.318	325.86	342.119	357.029	370.533	382.576	393.111	402.097	409.498	415.284	419.434	421.931	
463.71	462.796	460.057	455.505	449.157	441.039	431.182	419.625	406.414	391.601	375.244	357.409	338.165	317.589	295.761	272.767	248.7	223.652	197.724	171.018	143.639	115.695	87.2961	58.5548	29.5843	0.499124	-28.5861	-57.5565	-86.2978	-114.697	-142.641	-170.02	-196.726	-222.654	-247.701	-271.769	-294.762	-316.59	-337.166	-356.41	-374.245	-390.602	-405.414	-418.625	-430.182	-440.039	-448.158	-454.505	-459.058	-461.796	-462.71	-461.796	-459.057	-454.505	-448.157	-440.039	-430.182	-418.625	-405.414	-390.601	-374.244	-356.409	-337.165	-316.589	-294.761	-271.767	-247.7	-222.653	-196.725	-170.018	-142.639	-114.695	-86.2962	-57.5549	-28.5845	0.500712	29.5859	58.5563	87.2976	115.696	143.64	171.02	197.726	223.654	248.701	272.769	295.762	317.59	338.166	357.41	375.245	391.602	406.414	419.625	431.182	441.039	449.158	455.506	460.058	462.796	
502.828	501.837	498.867	493.931	487.047	478.243	467.553	455.02	440.693	424.63	406.892	387.55	366.681	344.367	320.696	295.761	269.66	242.498	214.38	185.419	155.727	125.423	94.6261	63.4576	32.0406	0.499171	-31.0423	-62.4593	-93.6278	-124.425	-154.729	-184.42	-213.382	-241.499	-268.662	-294.762	-319.697	-343.368	-365.682	-386.551	-405.893	-423.63	-439.694	-454.021	-466.553	-477.243	-486.047	-492.931	-497.867	-500.837	-501.828	-500.837	-497.867	-492.931	-486.047	-477.242	-466.553	-454.02	-439.693	-423.629	-405.892	-386.55	-365.681	-343.367	-319.696	-294.761	-268.66	-241.498	-213.38	-184.419	-154.727	-124.423	-93.6263	-62.4578	-31.0408	0.500685	32.0421	63.4591	94.6276	125.425	155.729	185.42	214.382	242.499	269.662	295.762	320.697	344.368	366.682	387.551	406.893	424.63	440.694	455.021	467.553	478.243	487.047	493.931	498.868	501.837	
539.964	538.9	535.71	530.409	523.016	513.561	502.081	488.622	473.236	455.984	436.935	416.164	393.752	369.788	344.367	317.589	289.559	260.388	230.192	199.089	167.203	134.659	101.585	68.112	34.3725	0.499221	-33.374	-67.1136	-100.586	-133.66	-166.204	-198.091	-229.193	-259.39	-288.56	-316.59	-343.368	-368.789	-392.753	-415.165	-435.936	-454.985	-472.236	-487.622	-501.081	-512.561	-522.016	-529.409	-534.71	-537.9	-538.964	-537.9	-534.71	-529.409	-522.016	-512.561	-501.081	-487.622	-472.236	-454.984	-435.935	-415.164	-392.752	-368.788	-343.367	-316.589	-288.559	-259.388	-229.192	-198.089	-166.203	-133.659	-100.585	-67.1121	-33.3726	0.500654	34.3739	68.1135	101.586	134.66	167.204	199.091	230.193	260.389	289.56	317.59	344.368	369.789	393.753	416.165	436.936	455.985	473.237	488.622	502.081	513.561	523.016	530.409	535.711	538.9	
574.971	573.838	570.441	564.796	556.923	546.854	534.63	520.297	503.913	485.542	465.257	443.137	419.271	393.752	366.681	338.165	308.316	277.253	245.097	211.976	178.021	143.364	108.144	72.4996	36.5706	0.499274	-35.5721	-71.501	-107.146	-142.366	-177.022	-210.978	-244.099	-276.254	-307.318	-337.166	-365.682	-392.753	-418.272	-442.138	-464.257	-484.542	-502.913	-519.297	-533.63	-545.855	-555.923	-563.796	-569.441	-572.837	-573.971	-572.837	-569.441	-563.795	-555.923	-545.854	-533.629	-519.297	-502.912	-484.542	-464.256	-442.137	-418.271	-392.752	-365.681	-337.165	-307.316	-276.253	-244.097	-210.976	-177.021	-142.365	-107.145	-71.4997	-35.5707	0.500621	36.572	72.5009	108.146	143.366	178.022	211.978	245.098	277.254	308.318	338.166	366.682	393.753	419.272	443.138	465.257	485.542	503.913	520.297	534.63	546.855	556.923	564.796	570.441	573.838	
607.711	606.513	602.923	596.955	588.634	577.992	565.07	549.92	532.603	513.185	491.743	468.364	443.137	416.164	387.55	357.409	325.859	293.025	259.037	224.029	188.138	151.507	114.279	76.603	38.6264	0.499329	-37.6277	-75.6043	-113.281	-150.508	-187.139	-223.03	-258.038	-292.027	-324.86	-356.41	-386.551	-415.165	-442.138	-467.364	-490.744	-512.185	-531.603	-548.921	-564.07	-576.992	-587.634	-595.955	-601.923	-605.513	-606.711	-605.512	-601.923	-595.955	-587.634	-576.991	-564.07	-548.92	-531.602	-512.185	-490.743	-467.363	-442.137	-415.164	-386.55	-356.409	-324.859	-292.025	-258.037	-223.029	-187.138	-150.507	-113.279	-75.6031	-37.6265	0.500585	38.6277	76.6043	114.281	151.508	188.139	224.03	259.038	293.027	325.86	357.41	387.551	416.165	443.138	468.364	491.744	513.185	532.603	549.921	565.071	577.992	588.634	596.956	602.923	606.513	
638.054	636.796	633.027	626.761	618.024	606.85	593.283	577.376	559.193	538.804	516.292	491.743	465.257	436.935	406.892	375.244	342.118	307.643	271.957	235.199	197.514	159.053	119.965	80.4061	40.5317	0.499387	-39.533	-79.4073	-118.966	-158.054	-196.516	-234.2	-270.958	-306.645	-341.119	-374.245	-405.893	-435.936	-464.257	-490.744	-515.292	-537.805	-558.193	-576.376	-592.283	-605.85	-617.024	-625.761	-632.027	-635.796	-637.054	-635.796	-632.027	-625.761	-617.024	-605.85	-592.282	-576.376	-558.193	-537.804	-515.292	-490.743	-464.256	-435.935	-405.892	-374.244	-341.118	-306.643	-270.957	-234.199	-196.514	-158.053	-118.965	-79.4062	-39.5318	0.500546	40.5329	80.4072	119.966	159.054	197.516	235.2	271.958	307.644	342.119	375.245	406.893	436.936	465.257	491.744	516.292	538.805	559.193	577.376	593.283	606.85	618.024	626.761	633.027	636.796	
665.881	664.568	660.634	654.095	644.977	633.315	619.156	602.555	583.578	562.3	538.804	513.185	485.542	455.984	424.63	391.601	357.029	321.049	283.805	245.443	206.114	165.973	125.179	83.8938	42.2791	0.499447	-41.2802	-82.8949	-124.181	-164.974	-205.115	-244.444	-282.806	-320.05	-356.029	-390.602	-423.63	-454.985	-484.542	-512.185	-537.805	-561.3	-582.578	-601.555	-618.156	-632.315	-643.977	-653.095	-659.634	-663.568	-664.881	-663.568	-659.634	-653.095	-643.977	-632.315	-618.155	-601.555	-582.578	-561.3	-537.804	-512.185	-484.542	-454.984	-423.629	-390.601	-356.029	-320.049	-282.805	-244.443	-205.114	-164.973	-124.179	-82.8939	-41.2791	0.500505	42.2801	83.8949	125.18	165.974	206.115	245.444	283.806	321.05	357.03	391.602	424.63	455.985	485.542	513.185	538.805	562.3	583.578	602.555	619.156	633.315	644.977	654.096	660.635	664.568	
691.082	689.72	685.637	678.85	669.386	657.283	642.587	625.357	605.662	583.578	559.193	532.603	503.913	473.236	440.693	406.414	370.532	333.19	294.535	254.72	213.901	172.24	129.902	87.0524	43.8615	0.499508	-42.8625	-86.0534	-128.903	-171.241	-212.902	-253.721	-293.536	-332.191	-369.533	-405.414	-439.694	-472.236	-502.913	-531.603	-558.193	-582.578	-604.662	-624.358	-641.587	-656.283	-668.386	-677.85	-684.637	-688.72	-690.082	-688.719	-684.637	-677.85	-668.386	-656.283	-641.587	-624.357	-604.662	-582.578	-558.192	-531.602	-502.912	-472.236	-439.693	-405.414	-369.532	-332.19	-293.535	-253.72	-212.901	-171.24	-128.902	-86.0525	-42.8616	0.50046	43.8625	87.0534	129.903	172.241	213.902	254.721	294.536	333.191	370.533	406.415	440.694	473.237	503.913	532.603	559.193	583.578	605.662	625.358	642.587	657.283	669.387	678.85	685.637	689.72	
713.558	712.151	707.935	700.928	691.156	678.659	663.485	645.694	625.357	602.555	577.376	549.92	520.297	488.622	455.02	419.625	382.575	344.018	304.105	262.994	220.847	177.83	134.113	89.8695	45.2729	0.499571	-44.2737	-88.8703	-133.114	-176.831	-219.847	-261.995	-303.106	-343.019	-381.576	-418.625	-454.021	-487.622	-519.297	-548.921	-576.376	-601.555	-624.358	-644.694	-662.485	-677.659	-690.156	-699.928	-706.935	-711.151	-712.558	-711.151	-706.935	-699.928	-690.156	-677.658	-662.484	-644.694	-624.357	-601.555	-576.376	-548.92	-519.297	-487.622	-454.02	-418.625	-381.575	-343.018	-303.105	-261.994	-219.847	-176.83	-133.113	-88.8695	-44.2729	0.500413	45.2737	89.8703	134.114	177.831	220.847	262.995	304.106	344.019	382.576	419.625	455.021	488.622	520.297	549.921	577.376	602.555	625.358	645.695	663.485	678.659	691.156	700.928	707.936	712.151	
733.22	731.774	727.442	720.241	710.2	697.358	681.766	663.485	642.587	619.156	593.283	565.07	534.63	502.081	467.553	431.182	393.111	353.49	312.477	270.232	226.923	182.72	137.798	92.3338	46.5075	0.499635	-45.5082	-91.3345	-136.798	-181.72	-225.923	-269.232	-311.477	-352.491	-392.111	-430.182	-466.553	-501.081	-533.63	-564.07	-592.283	-618.156	-641.587	-662.485	-680.766	-696.358	-709.2	-719.241	-726.442	-730.774	-732.22	-730.774	-726.442	-719.241	-709.2	-696.358	-680.765	-662.484	-641.587	-618.155	-592.282	-564.07	-533.629	-501.081	-466.553	-430.182	-392.111	-352.49	-311.477	-269.232	-225.922	-181.72	-136.798	-91.3338	-45.5075	0.500364	46.5082	92.3345	137.798	182.72	226.923	270.232	312.477	353.491	393.111	431.182	467.553	502.082	534.63	565.071	593.283	619.156	642.587	663.485	681.766	697.358	710.2	720.241	727.442	731.774	
749.99	748.511	744.08	736.714	726.443	713.307	697.358	678.659	657.283	633.315	606.85	577.992	546.854	513.561	478.243	441.039	402.096	361.569	319.617	276.405	232.105	186.89	140.94	94.4357	47.5605	0.4997	-46.5611	-93.4363	-139.941	-185.891	-231.105	-275.406	-318.617	-360.57	-401.097	-440.039	-477.243	-512.561	-545.855	-576.992	-605.85	-632.315	-656.283	-677.659	-696.358	-712.307	-725.443	-735.714	-743.08	-747.511	-748.99	-747.511	-743.08	-735.714	-725.443	-712.307	-696.358	-677.658	-656.283	-632.315	-605.85	-576.991	-545.854	-512.561	-477.242	-440.039	-401.096	-360.569	-318.617	-275.405	-231.105	-185.89	-139.94	-93.4357	-46.5605	0.500311	47.5612	94.4363	140.941	186.891	232.105	276.406	319.617	361.57	402.097	441.039	478.243	513.561	546.855	577.992	606.85	633.315	657.283	678.659	697.358	713.307	726.443	736.714	744.08	748.511	
763.802	762.296	757.783	750.282	739.821	726.443	710.2	691.156	669.386	644.977	618.024	588.634	556.923	523.016	487.047	449.157	409.497	368.223	325.498	281.49	236.373	190.325	143.528	96.1668	48.4279	0.499764	-47.4283	-95.1673	-142.529	-189.326	-235.373	-280.49	-324.498	-367.224	-408.498	-448.158	-486.047	-522.016	-555.923	-587.634	-617.024	-643.977	-668.386	-690.156	-709.2	-725.443	-738.821	-749.281	-756.783	-761.295	-762.802	-761.295	-756.783	-749.281	-738.821	-725.443	-709.2	-690.156	-668.386	-643.977	-617.024	-587.634	-555.923	-522.016	-486.047	-448.157	-408.497	-367.223	-324.498	-280.49	-235.373	-189.325	-142.528	-95.1668	-47.4279	0.500257	48.4284	96.1673	143.529	190.326	236.373	281.49	325.498	368.224	409.498	449.158	487.047	523.016	556.923	588.634	618.024	644.977	669.387	691.156	710.2	726.443	739.821	750.282	757.783	762.296	
