-782.653	-781.107	-776.477	-768.781	-758.048	-744.322	-727.657	-708.118	-685.782	-660.738	-633.084	-602.929	-570.394	-535.605	-498.7	-459.825	-419.134	-376.787	-332.95	-287.798	-241.507	-194.262	-146.248	-97.655	-48.6745	0.5001	49.6747	98.6552	147.248	195.262	242.508	288.798	333.95	377.787	420.134	460.826	499.701	536.605	571.394	603.93	634.084	661.738	686.782	709.118	728.657	745.323	759.049	769.781	777.478	782.108	783.653	782.108	777.478	769.781	759.049	745.323	728.657	709.118	686.782	661.738	634.084	603.93	571.394	536.605	499.701	460.826	420.134	377.787	333.95	288.798	242.508	195.262	147.248	98.6552	49.6747	0.5001	-48.6745	-97.655	-146.248	-194.262	-241.507	-287.798	-332.95	-376.787	-419.134	-459.825	-498.7	-535.605	-570.394	-602.929	-633.084	-660.738	-685.782	-708.118	-727.657	-744.322	-758.048	-768.781	-776.477	-781.107	
-781.107	-779.565	-774.944	-767.263	-756.552	-742.853	-726.22	-706.719	-684.428	-659.433	-631.834	-601.739	-569.267	-534.547	-497.715	-458.917	-418.306	-376.042	-332.292	-287.229	-241.03	-193.878	-145.959	-97.4614	-48.5775	0.500013	49.5775	98.4614	146.959	194.878	242.03	288.229	333.292	377.042	419.306	459.917	498.715	535.547	570.267	602.739	632.834	660.433	685.428	707.72	727.22	743.853	757.552	768.263	775.944	780.565	782.108	780.565	775.944	768.263	757.552	743.853	727.22	707.72	685.428	660.433	632.834	602.739	570.268	535.547	498.716	459.918	419.306	377.042	333.292	288.229	242.03	194.878	146.959	98.4616	49.5777	0.500185	-48.5773	-97.4612	-145.958	-193.878	-241.03	-287.229	-332.292	-376.042	-418.306	-458.917	-497.715	-534.547	-569.267	-601.739	-631.833	-659.433	-684.428	-706.719	-726.22	-742.853	-756.551	-767.263	-774.944	-779.565	
-776.477	-774.944	-770.35	-762.715	-752.067	-738.449	-721.915	-702.53	-680.37	-655.524	-628.088	-598.171	-565.892	-531.378	-494.764	-456.196	-415.825	-373.812	-330.321	-285.524	-239.599	-192.726	-145.091	-96.8812	-48.2869	0.499924	49.2867	97.881	146.091	193.726	240.599	286.524	331.321	374.812	416.825	457.196	495.764	532.378	566.892	599.171	629.088	656.524	681.371	703.53	722.915	739.45	753.067	763.715	771.351	775.944	777.478	775.944	771.351	763.715	753.067	739.45	722.916	703.53	681.371	656.524	629.088	599.172	566.892	532.378	495.764	457.196	416.826	374.812	331.321	286.525	240.599	193.727	146.091	97.8814	49.2871	0.500266	-48.2865	-96.8808	-145.091	-192.726	-239.599	-285.524	-330.321	-373.811	-415.825	-456.196	-494.764	-531.377	-565.892	-598.171	-628.088	-655.523	-680.37	-702.53	-721.915	-738.449	-752.067	-762.715	-770.35	-774.944	
-768.781	-767.263	-762.715	-755.155	-744.612	-731.13	-714.759	-695.566	-673.626	-649.025	-621.861	-592.241	-560.282	-526.109	-489.858	-451.672	-411.701	-370.104	-327.044	-282.691	-237.221	-190.813	-143.649	-95.9166	-47.8037	0.499832	48.8034	96.9163	144.649	191.812	238.221	283.691	328.044	371.104	412.701	452.672	490.858	527.109	561.282	593.241	622.861	650.025	674.626	696.566	715.759	732.13	745.613	756.155	763.715	768.263	769.781	768.263	763.715	756.155	745.613	732.13	715.76	696.567	674.626	650.026	622.862	593.242	561.282	527.109	490.858	452.672	412.702	371.104	328.044	283.692	238.221	191.813	144.649	96.9168	48.8039	0.500344	-47.8032	-95.9161	-143.649	-190.812	-237.221	-282.691	-327.044	-370.104	-411.701	-451.672	-489.858	-526.109	-560.281	-592.241	-621.861	-649.025	-673.626	-695.566	-714.759	-731.129	-744.612	-755.155	-762.715	-767.263	
-758.048	-756.552	-752.067	-744.612	-734.217	-720.922	-704.781	-685.855	-664.221	-639.964	-613.179	-583.972	-552.458	-518.762	-483.017	-445.364	-405.951	-364.934	-322.474	-278.741	-233.905	-188.144	-141.638	-94.5716	-47.1299	0.499739	48.1294	95.5711	142.638	189.143	234.904	279.74	323.474	365.933	406.95	446.364	484.017	519.762	553.458	584.972	614.179	640.964	665.221	686.855	705.781	721.923	735.218	745.613	753.067	757.552	759.049	757.552	753.067	745.613	735.218	721.923	705.781	686.856	665.222	640.964	614.179	584.972	553.459	519.763	484.017	446.364	406.951	365.934	323.475	279.741	234.905	189.144	142.638	95.5718	48.1301	0.500418	-47.1292	-94.5709	-141.637	-188.143	-233.904	-278.74	-322.474	-364.933	-405.95	-445.363	-483.017	-518.762	-552.458	-583.971	-613.178	-639.963	-664.221	-685.855	-704.78	-720.922	-734.217	-744.612	-752.067	-756.551	
-744.322	-742.853	-738.449	-731.13	-720.922	-707.868	-692.018	-673.436	-652.193	-628.375	-602.074	-573.396	-542.452	-509.366	-474.268	-437.296	-398.596	-358.321	-316.63	-273.688	-229.663	-184.73	-139.066	-92.8514	-46.2681	0.499645	47.2674	93.8507	140.065	185.73	230.663	274.687	317.63	359.321	399.596	438.295	475.268	510.366	543.452	574.396	603.074	629.374	653.193	674.436	693.019	708.868	721.923	732.13	739.45	743.853	745.323	743.853	739.45	732.13	721.923	708.869	693.019	674.436	653.193	629.375	603.075	574.396	543.453	510.367	475.268	438.296	399.596	359.321	317.63	274.688	230.663	185.73	140.066	93.8515	47.2683	0.500488	-46.2673	-92.8505	-139.065	-184.729	-229.662	-273.687	-316.63	-358.321	-398.595	-437.295	-474.267	-509.366	-542.452	-573.395	-602.074	-628.374	-652.193	-673.435	-692.018	-707.868	-720.922	-731.129	-738.449	-742.853	
-727.657	-726.22	-721.915	-714.759	-704.781	-692.018	-676.523	-658.356	-637.589	-614.303	-588.592	-560.555	-530.304	-497.958	-463.645	-427.5	-389.666	-350.293	-309.535	-267.553	-224.513	-180.586	-135.943	-90.7627	-45.2218	0.499551	46.2209	91.7618	136.943	181.585	225.512	268.552	310.534	351.292	390.666	428.5	464.644	498.958	531.303	561.554	589.591	615.303	638.589	659.356	677.523	693.019	705.781	715.759	722.915	727.22	728.657	727.22	722.916	715.76	705.781	693.019	677.524	659.357	638.589	615.304	589.592	561.555	531.304	498.958	464.645	428.5	390.667	351.293	310.535	268.553	225.513	181.586	136.944	91.7628	46.2219	0.500554	-45.2208	-90.7617	-135.942	-180.585	-224.512	-267.552	-309.534	-350.292	-389.666	-427.499	-463.644	-497.957	-530.303	-560.554	-588.591	-614.303	-637.588	-658.356	-676.523	-692.018	-704.78	-714.759	-721.915	-726.22	
-708.118	-706.719	-702.53	-695.566	-685.855	-673.436	-658.356	-640.677	-620.467	-597.806	-572.784	-545.5	-516.06	-484.583	-451.19	-416.015	-379.197	-340.88	-301.215	-260.36	-218.475	-175.727	-132.282	-88.3139	-43.995	0.499457	44.9939	89.3128	133.281	176.726	219.474	261.359	302.214	341.879	380.196	417.015	452.19	485.582	517.06	546.499	573.784	598.806	621.466	641.676	659.356	674.436	686.855	696.566	703.53	707.72	709.118	707.72	703.53	696.567	686.856	674.436	659.357	641.677	621.467	598.806	573.784	546.5	517.061	485.583	452.191	417.016	380.197	341.88	302.215	261.36	219.476	176.727	133.282	89.314	44.9951	0.500615	-43.9939	-88.3127	-132.281	-175.725	-218.474	-260.359	-301.214	-340.879	-379.196	-416.015	-451.189	-484.582	-516.06	-545.499	-572.783	-597.805	-620.466	-640.676	-658.356	-673.435	-685.855	-695.566	-702.53	-706.719	
-685.782	-684.428	-680.37	-673.626	-664.221	-652.193	-637.589	-620.467	-600.894	-578.947	-554.714	-528.29	-499.778	-469.293	-436.953	-402.887	-367.229	-330.119	-291.705	-252.138	-211.573	-170.172	-128.097	-85.5146	-42.5926	0.499364	43.5914	86.5133	129.096	171.171	212.572	253.137	292.704	331.118	368.228	403.886	437.952	470.292	500.778	529.289	555.714	579.947	601.893	621.466	638.589	653.193	665.221	674.626	681.371	685.428	686.782	685.428	681.371	674.626	665.222	653.193	638.589	621.467	601.894	579.948	555.714	529.29	500.779	470.293	437.953	403.887	368.229	331.119	292.705	253.138	212.573	171.172	129.097	86.5146	43.5927	0.500673	-42.5913	-85.5133	-128.096	-170.171	-211.572	-252.137	-291.704	-330.118	-367.228	-402.886	-436.952	-469.292	-499.777	-528.289	-554.713	-578.947	-600.893	-620.466	-637.588	-652.193	-664.221	-673.626	-680.37	-684.428	
-660.738	-659.433	-655.524	-649.025	-639.964	-628.375	-614.303	-597.806	-578.947	-557.802	-534.453	-508.993	-481.522	-452.149	-420.989	-388.166	-353.809	-318.054	-281.042	-242.919	-203.834	-163.944	-123.404	-82.3758	-41.0202	0.499272	42.0187	83.3743	124.403	164.942	204.833	243.917	282.041	319.053	354.808	389.165	421.988	453.148	482.521	509.992	535.452	558.801	579.947	598.806	615.303	629.374	640.964	650.025	656.524	660.433	661.738	660.433	656.524	650.026	640.964	629.375	615.304	598.806	579.948	558.802	535.453	509.993	482.522	453.149	421.989	389.166	354.81	319.054	282.042	243.919	204.834	164.944	124.404	83.3758	42.0202	0.500726	-41.0187	-82.3743	-123.403	-163.942	-203.833	-242.917	-281.041	-318.053	-353.808	-388.165	-420.988	-452.148	-481.521	-508.992	-534.452	-557.801	-578.947	-597.805	-614.303	-628.374	-639.963	-649.025	-655.523	-659.433	
-633.084	-631.834	-628.088	-621.861	-613.179	-602.074	-588.592	-572.784	-554.714	-534.453	-512.081	-487.685	-461.363	-433.219	-403.362	-371.912	-338.992	-304.732	-269.268	-232.739	-195.289	-157.067	-118.223	-78.9099	-39.2839	0.499182	40.2822	79.9083	119.221	158.065	196.287	233.737	270.266	305.731	339.991	372.911	404.361	434.217	462.362	488.684	513.08	535.452	555.714	573.784	589.591	603.074	614.179	622.861	629.088	632.834	634.084	632.834	629.088	622.862	614.179	603.074	589.592	573.784	555.714	535.453	513.081	488.685	462.363	434.219	404.362	372.912	339.992	305.732	270.268	233.739	196.289	158.067	119.223	79.9099	40.2838	0.500774	-39.2823	-78.9083	-118.221	-157.065	-195.287	-232.737	-269.266	-304.731	-338.991	-371.911	-403.361	-433.217	-461.362	-487.684	-512.08	-534.452	-554.713	-572.783	-588.591	-602.074	-613.178	-621.861	-628.088	-631.833	
-602.929	-601.739	-598.171	-592.241	-583.972	-573.396	-560.555	-545.5	-528.29	-508.993	-487.685	-464.451	-439.382	-412.577	-384.141	-354.188	-322.834	-290.205	-256.429	-221.638	-185.971	-149.568	-112.572	-75.1307	-37.3906	0.499094	38.3888	76.1289	113.571	150.566	186.969	222.636	257.427	291.204	323.833	355.186	385.14	413.575	440.381	465.45	488.684	509.992	529.289	546.499	561.554	574.395	584.972	593.241	599.171	602.739	603.93	602.739	599.172	593.241	584.972	574.396	561.555	546.5	529.29	509.993	488.685	465.451	440.382	413.577	385.141	355.188	323.834	291.205	257.429	222.638	186.971	150.568	113.572	76.1306	38.3905	0.500819	-37.3888	-75.129	-112.571	-149.566	-185.969	-221.636	-256.427	-290.204	-322.833	-354.186	-384.14	-412.575	-439.381	-464.45	-487.684	-508.992	-528.289	-545.499	-560.554	-573.395	-583.971	-592.241	-598.171	-601.739	
-570.394	-569.267	-565.892	-560.282	-552.458	-542.452	-530.304	-516.06	-499.778	-481.522	-461.363	-439.382	-415.664	-390.304	-363.402	-335.064	-305.401	-274.531	-242.576	-209.661	-175.917	-141.476	-106.476	-71.0529	-35.3477	0.49901	36.3457	72.051	107.474	142.475	176.915	210.659	243.574	275.529	306.399	336.062	364.401	391.303	416.663	440.381	462.362	482.521	500.778	517.06	531.303	543.452	553.458	561.282	566.892	570.267	571.394	570.267	566.892	561.282	553.458	543.453	531.304	517.061	500.779	482.522	462.363	440.382	416.664	391.304	364.402	336.064	306.401	275.531	243.576	210.661	176.917	142.476	107.476	72.0528	36.3476	0.500859	-35.3459	-71.0511	-106.474	-141.475	-175.915	-209.659	-242.574	-274.529	-305.399	-335.062	-363.401	-390.303	-415.663	-439.381	-461.362	-481.521	-499.778	-516.06	-530.303	-542.452	-552.458	-560.281	-565.892	-569.267	
-535.605	-534.547	-531.378	-526.109	-518.762	-509.366	-497.958	-484.583	-469.293	-452.149	-433.219	-412.577	-390.304	-366.49	-341.227	-314.615	-286.76	-257.771	-227.763	-196.854	-165.167	-132.825	-99.9571	-66.6928	-33.1634	0.498929	34.1612	67.6907	100.955	133.823	166.165	197.852	228.761	258.77	287.759	315.614	342.225	367.488	391.303	413.575	434.217	453.148	470.292	485.582	498.957	510.366	519.762	527.109	532.378	535.547	536.605	535.547	532.378	527.109	519.763	510.366	498.958	485.583	470.293	453.149	434.219	413.577	391.304	367.49	342.227	315.615	287.76	258.771	228.763	197.854	166.166	133.825	100.957	67.6927	34.1632	0.500895	-33.1614	-66.6909	-99.9552	-132.823	-165.165	-196.853	-227.762	-257.77	-286.759	-314.614	-341.225	-366.488	-390.303	-412.575	-433.217	-452.148	-469.292	-484.582	-497.957	-509.366	-518.762	-526.109	-531.377	-534.547	
-498.7	-497.715	-494.764	-489.858	-483.017	-474.268	-463.645	-451.19	-436.953	-420.989	-403.362	-384.141	-363.402	-341.227	-317.703	-292.924	-266.986	-239.993	-212.05	-183.269	-153.762	-123.647	-93.0419	-62.0675	-30.8462	0.498852	31.8439	63.0653	94.0397	124.645	154.76	184.267	213.048	240.991	267.984	293.922	318.701	342.225	364.401	385.14	404.361	421.988	437.952	452.19	464.644	475.267	484.017	490.858	495.764	498.715	499.7	498.715	495.764	490.858	484.017	475.268	464.645	452.19	437.953	421.989	404.362	385.141	364.402	342.227	318.703	293.923	267.986	240.992	213.05	184.269	154.762	124.647	94.0417	63.0673	31.846	0.500927	-30.8441	-62.0655	-93.0399	-123.645	-153.761	-183.267	-212.048	-239.991	-266.984	-292.922	-317.702	-341.225	-363.401	-384.14	-403.361	-420.988	-436.952	-451.19	-463.644	-474.267	-483.017	-489.858	-494.764	-497.715	
-459.826	-458.917	-456.196	-451.672	-445.364	-437.296	-427.5	-416.016	-402.887	-388.166	-371.912	-354.188	-335.064	-314.615	-292.924	-270.074	-246.156	-221.265	-195.498	-168.958	-141.75	-113.98	-85.7576	-57.1953	-28.4053	0.498781	29.4029	58.1929	86.7552	114.977	142.747	169.956	196.496	222.263	247.154	271.072	293.922	315.614	336.062	355.186	372.911	389.165	403.886	417.015	428.5	438.295	446.363	452.672	457.196	459.917	460.826	459.917	457.196	452.672	446.364	438.296	428.5	417.016	403.887	389.166	372.912	355.188	336.064	315.615	293.923	271.073	247.156	222.264	196.498	169.958	142.749	114.979	86.7574	58.1951	29.405	0.500956	-28.4031	-57.1932	-85.7555	-113.977	-141.748	-168.956	-195.496	-221.263	-246.154	-270.072	-292.922	-314.614	-335.062	-354.186	-371.911	-388.165	-402.886	-416.015	-427.5	-437.295	-445.363	-451.672	-456.196	-458.917	
-419.134	-418.306	-415.825	-411.702	-405.951	-398.596	-389.666	-379.197	-367.229	-353.81	-338.992	-322.835	-305.401	-286.76	-266.986	-246.156	-224.352	-201.661	-178.173	-153.979	-129.175	-103.86	-78.1329	-52.0954	-25.8503	0.498714	26.8478	53.0928	79.1304	104.858	130.173	154.976	179.17	202.659	225.35	247.154	267.984	287.758	306.399	323.833	339.991	354.808	368.228	380.196	390.666	399.596	406.95	412.701	416.825	419.306	420.134	419.306	416.825	412.702	406.951	399.596	390.666	380.197	368.229	354.809	339.992	323.834	306.401	287.76	267.986	247.156	225.352	202.661	179.172	154.979	130.175	104.86	79.1326	53.0951	26.85	0.500981	-25.8481	-52.0931	-78.1306	-103.858	-129.173	-153.977	-178.171	-201.659	-224.35	-246.154	-266.984	-286.759	-305.399	-322.833	-338.991	-353.808	-367.228	-379.196	-389.666	-398.596	-405.95	-411.701	-415.825	-418.306	
-376.787	-376.042	-373.812	-370.104	-364.934	-358.321	-350.293	-340.88	-330.119	-318.054	-304.732	-290.205	-274.531	-257.771	-239.993	-221.265	-201.661	-181.26	-160.142	-138.39	-116.089	-93.3287	-70.1978	-46.7879	-23.1914	0.498653	24.1887	47.7852	71.1952	94.3261	117.087	139.387	161.14	182.258	202.659	222.263	240.991	258.77	275.529	291.204	305.731	319.053	331.118	341.879	351.292	359.321	365.933	371.104	374.812	377.042	377.787	377.042	374.812	371.104	365.934	359.321	351.293	341.88	331.119	319.054	305.732	291.205	275.531	258.771	240.992	222.264	202.661	182.26	161.142	139.389	117.089	94.3284	71.1975	47.7876	24.191	0.501003	-23.189	-46.7856	-70.1955	-93.3264	-116.087	-138.388	-160.14	-181.258	-201.659	-221.263	-239.991	-257.77	-274.529	-290.204	-304.731	-318.053	-330.118	-340.879	-350.292	-358.321	-364.933	-370.104	-373.812	-376.042	
-332.95	-332.292	-330.321	-327.044	-322.475	-316.63	-309.535	-301.215	-291.705	-281.042	-269.268	-256.429	-242.576	-227.763	-212.05	-195.498	-178.173	-160.142	-141.477	-122.253	-102.543	-82.4271	-61.9837	-41.2938	-20.4389	0.498598	21.4361	42.291	62.981	83.4243	103.54	123.25	142.475	161.14	179.17	196.496	213.048	228.761	243.574	257.427	270.266	282.041	292.704	302.214	310.534	317.63	323.474	328.044	331.321	333.292	333.95	333.292	331.321	328.044	323.475	317.63	310.535	302.215	292.705	282.042	270.268	257.428	243.575	228.763	213.05	196.498	179.172	161.142	142.477	123.252	103.543	83.4267	62.9833	42.2934	21.4385	0.501021	-20.4365	-41.2914	-61.9813	-82.4247	-102.541	-122.25	-141.475	-160.14	-178.171	-195.496	-212.048	-227.762	-242.574	-256.427	-269.266	-281.041	-291.704	-301.214	-309.534	-316.63	-322.474	-327.044	-330.321	-332.292	
-287.798	-287.229	-285.525	-282.692	-278.741	-273.688	-267.553	-260.36	-252.138	-242.919	-232.739	-221.638	-209.661	-196.854	-183.269	-168.958	-153.979	-138.39	-122.253	-105.631	-88.5903	-71.1981	-53.523	-35.6347	-17.6038	0.49855	18.6009	36.6319	54.5202	72.1953	89.5875	106.628	123.25	139.387	154.976	169.956	184.267	197.852	210.659	222.636	233.737	243.917	253.137	261.359	268.552	274.687	279.74	283.691	286.524	288.229	288.798	288.229	286.525	283.691	279.741	274.688	268.553	261.36	253.138	243.918	233.738	222.638	210.661	197.854	184.269	169.958	154.979	139.389	123.252	106.63	89.5899	72.1977	54.5226	36.6343	18.6034	0.501037	-17.6013	-35.6323	-53.5206	-71.1957	-88.5879	-105.629	-122.25	-138.388	-153.977	-168.956	-183.267	-196.853	-209.659	-221.637	-232.737	-242.917	-252.137	-260.359	-267.552	-273.687	-278.74	-282.691	-285.524	-287.229	
-241.508	-241.03	-239.599	-237.221	-233.905	-229.663	-224.513	-218.476	-211.574	-203.834	-195.289	-185.971	-175.917	-165.167	-153.763	-141.75	-129.175	-116.089	-102.543	-88.5903	-74.2858	-59.6863	-44.8491	-29.8331	-14.6973	0.498508	15.6943	30.8301	45.8462	60.6834	75.283	89.5875	103.54	117.087	130.173	142.747	154.76	166.164	176.915	186.969	196.287	204.833	212.572	219.474	225.512	230.662	234.904	238.221	240.599	242.03	242.507	242.03	240.599	238.221	234.905	230.663	225.513	219.475	212.573	204.834	196.289	186.971	176.917	166.166	154.762	142.749	130.175	117.089	103.543	89.5899	75.2854	60.6858	45.8487	30.8326	15.6968	0.50105	-14.6947	-29.8305	-44.8467	-59.6838	-74.2834	-88.5879	-102.541	-116.087	-129.173	-141.748	-153.761	-165.165	-175.915	-185.969	-195.288	-203.833	-211.572	-218.475	-224.513	-229.663	-233.904	-237.221	-239.599	-241.03	
-194.262	-193.878	-192.727	-190.813	-188.144	-184.73	-180.586	-175.727	-170.172	-163.944	-157.067	-149.568	-141.477	-132.825	-123.647	-113.98	-103.86	-93.3287	-82.4271	-71.1982	-59.6863	-47.9369	-35.9963	-23.9117	-11.7307	0.498474	12.7277	24.9087	36.9933	48.9339	60.6834	72.1953	83.4243	94.3261	104.858	114.977	124.645	133.823	142.474	150.566	158.065	164.942	171.171	176.725	181.585	185.729	189.143	191.812	193.726	194.878	195.262	194.878	193.726	191.813	189.144	185.73	181.586	176.727	171.172	164.944	158.067	150.568	142.476	133.825	124.647	114.979	104.86	94.3283	83.4267	72.1977	60.6858	48.9364	36.9958	24.9112	12.7303	0.50106	-11.7282	-23.9091	-35.9937	-47.9344	-59.6838	-71.1957	-82.4247	-93.3265	-103.858	-113.977	-123.645	-132.823	-141.475	-149.566	-157.065	-163.943	-170.171	-175.726	-180.585	-184.73	-188.143	-190.812	-192.726	-193.878	
-146.248	-145.959	-145.091	-143.649	-141.638	-139.066	-135.944	-132.282	-128.097	-123.404	-118.223	-112.572	-106.476	-99.9572	-93.042	-85.7577	-78.1329	-70.1978	-61.9837	-53.5231	-44.8492	-35.9963	-26.9994	-17.894	-8.71595	0.498447	9.71285	18.8909	27.9963	36.9933	45.8462	54.5202	62.9809	71.1951	79.1303	86.7552	94.0396	100.955	107.474	113.57	119.221	124.403	129.096	133.281	136.942	140.065	142.637	144.649	146.091	146.958	147.248	146.959	146.091	144.649	142.638	140.066	136.943	133.282	129.097	124.404	119.222	113.572	107.476	100.957	94.0416	86.7573	79.1325	71.1974	62.9833	54.5226	45.8487	36.9958	27.9989	18.8935	9.71546	0.501068	-8.71333	-17.8914	-26.9968	-35.9938	-44.8467	-53.5206	-61.9814	-70.1955	-78.1307	-85.7556	-93.04	-99.9553	-106.474	-112.571	-118.221	-123.403	-128.096	-132.281	-135.943	-139.066	-141.638	-143.649	-145.091	-145.959	
-97.6552	-97.4616	-96.8813	-95.9168	-94.5718	-92.8515	-90.7629	-88.314	-85.5147	-82.3759	-78.91	-75.1308	-71.053	-66.6929	-62.0676	-57.1954	-52.0954	-46.7879	-41.2938	-35.6347	-29.8331	-23.9117	-17.894	-11.8037	-5.66478	0.498428	6.66164	12.8005	18.8909	24.9087	30.8301	36.6318	42.291	47.7852	53.0928	58.1928	63.0652	67.6906	72.0509	76.1288	79.9082	83.3742	86.5132	89.3127	91.7617	93.8505	95.5709	96.9161	97.8808	98.4612	98.655	98.4614	97.8812	96.9166	95.5716	93.8513	91.7626	89.3138	86.5144	83.3756	79.9097	76.1305	72.0527	67.6926	63.0672	58.195	53.095	47.7875	42.2934	36.6343	30.8326	24.9112	18.8935	12.8032	6.66428	0.501074	-5.66214	-11.801	-17.8914	-23.9091	-29.8306	-35.6323	-41.2914	-46.7856	-52.0932	-57.1932	-62.0656	-66.691	-71.0512	-75.1291	-78.9085	-82.3745	-85.5134	-88.3129	-90.7619	-92.8507	-94.5711	-95.9163	-96.881	-97.4614	
-48.6747	-48.5777	-48.2871	-47.8039	-47.1301	-46.2683	-45.222	-43.9952	-42.5928	-41.0203	-39.284	-37.3907	-35.3478	-33.1635	-30.8463	-28.4054	-25.8504	-23.1914	-20.4389	-17.6038	-14.6973	-11.7308	-8.71595	-5.66478	-2.58928	0.498416	3.58612	6.66164	9.71284	12.7277	15.6943	18.6009	21.4361	24.1886	26.8477	29.4028	31.8438	34.1612	36.3456	38.3886	40.2821	42.0186	43.5912	44.9938	46.2207	47.2673	48.1292	48.8032	49.2865	49.5773	49.6745	49.5775	49.2869	48.8037	48.1299	47.2681	46.2217	44.9949	43.5925	42.02	40.2837	38.3903	36.3475	34.1631	31.8459	29.405	26.85	24.191	21.4385	18.6034	15.6968	12.7303	9.71545	6.66428	3.58877	0.501077	-2.58662	-5.66214	-8.71334	-11.7282	-14.6948	-17.6014	-20.4365	-23.1891	-25.8481	-28.4032	-30.8442	-33.1615	-35.346	-37.389	-39.2824	-41.0189	-42.5915	-43.994	-45.221	-46.2675	-47.1294	-47.8034	-48.2868	-48.5776	
0.499898	0.499814	0.49973	0.499644	0.499559	0.499474	0.499389	0.499306	0.499224	0.499143	0.499065	0.49899	0.498917	0.498848	0.498783	0.498722	0.498666	0.498614	0.498568	0.498528	0.498493	0.498464	0.498441	0.498425	0.498415	0.498412	0.498415	0.498425	0.498441	0.498464	0.498493	0.498528	0.498568	0.498614	0.498666	0.498722	0.498783	0.498848	0.498917	0.49899	0.499065	0.499143	0.499224	0.499306	0.499389	0.499474	0.499559	0.499644	0.49973	0.499814	0.499898	0.49998	0.500061	0.500141	0.500218	0.500293	0.500365	0.500435	0.500501	0.500565	0.500625	0.500682	0.500735	0.500785	0.500831	0.500874	0.500912	0.500947	0.500977	0.501004	0.501026	0.501045	0.501059	0.50107	0.501076	0.501078	0.501076	0.50107	0.501059	0.501045	0.501026	0.501004	0.500977	0.500947	0.500912	0.500874	0.500831	0.500785	0.500735	0.500682	0.500625	0.500565	0.500501	0.500435	0.500365	0.500293	0.500218	0.500141	0.500061	0.49998	
49.6745	49.5773	49.2865	48.8032	48.1292	47.2673	46.2207	44.9938	43.5912	42.0186	40.2821	38.3886	36.3456	34.1612	31.8438	29.4028	26.8477	24.1886	21.4361	18.6009	15.6943	12.7277	9.71284	6.66164	3.58612	0.498416	-2.58928	-5.66478	-8.71595	-11.7308	-14.6973	-17.6038	-20.4389	-23.1914	-25.8504	-28.4054	-30.8463	-33.1635	-35.3478	-37.3907	-39.284	-41.0203	-42.5928	-43.9952	-45.222	-46.2683	-47.1301	-47.8039	-48.2871	-48.5777	-48.6747	-48.5776	-48.2868	-47.8034	-47.1294	-46.2675	-45.221	-43.994	-42.5915	-41.0189	-39.2824	-37.389	-35.346	-33.1615	-30.8442	-28.4032	-25.8481	-23.1891	-20.4365	-17.6014	-14.6948	-11.7282	-8.71334	-5.66214	-2.58662	0.501077	3.58877	6.66428	9.71545	12.7303	15.6968	18.6034	21.4385	24.191	26.85	29.405	31.8459	34.1631	36.3475	38.3903	40.2837	42.02	43.5925	44.9949	46.2217	47.2681	48.1299	48.8037	49.2869	49.5775	
98.655	98.4612	97.8808	96.9161	95.5709	93.8505	91.7617	89.3127	86.5132	83.3742	79.9082	76.1288	72.0509	67.6906	63.0652	58.1928	53.0928	47.7852	42.291	36.6318	30.8301	24.9087	18.8909	12.8005	6.66164	0.498428	-5.66478	-11.8037	-17.894	-23.9117	-29.8331	-35.6347	-41.2938	-46.7879	-52.0954	-57.1954	-62.0676	-66.6929	-71.053	-75.1308	-78.91	-82.3759	-85.5147	-88.314	-90.7629	-92.8515	-94.5718	-95.9168	-96.8813	-97.4616	-97.6552	-97.4614	-96.881	-95.9163	-94.5711	-92.8507	-90.7619	-88.3129	-85.5134	-82.3745	-78.9085	-75.1291	-71.0512	-66.691	-62.0656	-57.1932	-52.0932	-46.7856	-41.2914	-35.6323	-29.8306	-23.9091	-17.8914	-11.801	-5.66214	0.501074	6.66428	12.8032	18.8935	24.9112	30.8326	36.6343	42.2934	47.7875	53.095	58.195	63.0672	67.6926	72.0527	76.1305	79.9097	83.3756	86.5144	89.3138	91.7626	93.8513	95.5716	96.9166	97.8812	98.4614	
147.248	146.958	146.091	144.649	142.637	140.065	136.942	133.281	129.096	124.403	119.221	113.57	107.474	100.955	94.0396	86.7552	79.1303	71.1951	62.9809	54.5202	45.8462	36.9933	27.9963	18.8909	9.71285	0.498447	-8.71595	-17.894	-26.9994	-35.9963	-44.8492	-53.5231	-61.9837	-70.1978	-78.1329	-85.7577	-93.042	-99.9572	-106.476	-112.572	-118.223	-123.404	-128.097	-132.282	-135.944	-139.066	-141.638	-143.649	-145.091	-145.959	-146.248	-145.959	-145.091	-143.649	-141.638	-139.066	-135.943	-132.281	-128.096	-123.403	-118.221	-112.571	-106.474	-99.9553	-93.04	-85.7556	-78.1307	-70.1955	-61.9814	-53.5206	-44.8467	-35.9938	-26.9968	-17.8914	-8.71333	0.501068	9.71546	18.8935	27.9989	36.9958	45.8487	54.5226	62.9833	71.1974	79.1325	86.7573	94.0416	100.957	107.476	113.572	119.222	124.404	129.097	133.282	136.943	140.066	142.638	144.649	146.091	146.959	
195.262	194.878	193.726	191.812	189.143	185.729	181.585	176.725	171.171	164.942	158.065	150.566	142.474	133.823	124.645	114.977	104.858	94.3261	83.4243	72.1953	60.6834	48.9339	36.9933	24.9087	12.7277	0.498474	-11.7307	-23.9117	-35.9963	-47.9369	-59.6863	-71.1982	-82.4271	-93.3287	-103.86	-113.98	-123.647	-132.825	-141.477	-149.568	-157.067	-163.944	-170.172	-175.727	-180.586	-184.73	-188.144	-190.813	-192.727	-193.878	-194.262	-193.878	-192.726	-190.812	-188.143	-184.73	-180.585	-175.726	-170.171	-163.943	-157.065	-149.566	-141.475	-132.823	-123.645	-113.977	-103.858	-93.3265	-82.4247	-71.1957	-59.6838	-47.9344	-35.9937	-23.9091	-11.7282	0.50106	12.7303	24.9112	36.9958	48.9364	60.6858	72.1977	83.4267	94.3283	104.86	114.979	124.647	133.825	142.476	150.568	158.067	164.944	171.172	176.727	181.586	185.73	189.144	191.813	193.726	194.878	
242.507	242.03	240.599	238.221	234.904	230.662	225.512	219.474	212.572	204.833	196.287	186.969	176.915	166.164	154.76	142.747	130.173	117.087	103.54	89.5875	75.283	60.6834	45.8462	30.8301	15.6943	0.498508	-14.6973	-29.8331	-44.8491	-59.6863	-74.2858	-88.5903	-102.543	-116.089	-129.175	-141.75	-153.763	-165.167	-175.917	-185.971	-195.289	-203.834	-211.574	-218.476	-224.513	-229.663	-233.905	-237.221	-239.599	-241.03	-241.508	-241.03	-239.599	-237.221	-233.904	-229.663	-224.513	-218.475	-211.572	-203.833	-195.288	-185.969	-175.915	-165.165	-153.761	-141.748	-129.173	-116.087	-102.541	-88.5879	-74.2834	-59.6838	-44.8467	-29.8305	-14.6947	0.50105	15.6968	30.8326	45.8487	60.6858	75.2854	89.5899	103.543	117.089	130.175	142.749	154.762	166.166	176.917	186.971	196.289	204.834	212.573	219.475	225.513	230.663	234.905	238.221	240.599	242.03	
288.798	288.229	286.524	283.691	279.74	274.687	268.552	261.359	253.137	243.917	233.737	222.636	210.659	197.852	184.267	169.956	154.976	139.387	123.25	106.628	89.5875	72.1953	54.5202	36.6319	18.6009	0.49855	-17.6038	-35.6347	-53.523	-71.1981	-88.5903	-105.631	-122.253	-138.39	-153.979	-168.958	-183.269	-196.854	-209.661	-221.638	-232.739	-242.919	-252.138	-260.36	-267.553	-273.688	-278.741	-282.692	-285.525	-287.229	-287.798	-287.229	-285.524	-282.691	-278.74	-273.687	-267.552	-260.359	-252.137	-242.917	-232.737	-221.637	-209.659	-196.853	-183.267	-168.956	-153.977	-138.388	-122.25	-105.629	-88.5879	-71.1957	-53.5206	-35.6323	-17.6013	0.501037	18.6034	36.6343	54.5226	72.1977	89.5899	106.63	123.252	139.389	154.979	169.958	184.269	197.854	210.661	222.638	233.738	243.918	253.138	261.36	268.553	274.688	279.741	283.691	286.525	288.229	
333.95	333.292	331.321	328.044	323.474	317.63	310.534	302.214	292.704	282.041	270.266	257.427	243.574	228.761	213.048	196.496	179.17	161.14	142.475	123.25	103.54	83.4243	62.981	42.291	21.4361	0.498598	-20.4389	-41.2938	-61.9837	-82.4271	-102.543	-122.253	-141.477	-160.142	-178.173	-195.498	-212.05	-227.763	-242.576	-256.429	-269.268	-281.042	-291.705	-301.215	-309.535	-316.63	-322.475	-327.044	-330.321	-332.292	-332.95	-332.292	-330.321	-327.044	-322.474	-316.63	-309.534	-301.214	-291.704	-281.041	-269.266	-256.427	-242.574	-227.762	-212.048	-195.496	-178.171	-160.14	-141.475	-122.25	-102.541	-82.4247	-61.9813	-41.2914	-20.4365	0.501021	21.4385	42.2934	62.9833	83.4267	103.543	123.252	142.477	161.142	179.172	196.498	213.05	228.763	243.575	257.428	270.268	282.042	292.705	302.215	310.535	317.63	323.475	328.044	331.321	333.292	
377.787	377.042	374.812	371.104	365.933	359.321	351.292	341.879	331.118	319.053	305.731	291.204	275.529	258.77	240.991	222.263	202.659	182.258	161.14	139.387	117.087	94.3261	71.1952	47.7852	24.1887	0.498653	-23.1914	-46.7879	-70.1978	-93.3287	-116.089	-138.39	-160.142	-181.26	-201.661	-221.265	-239.993	-257.771	-274.531	-290.205	-304.732	-318.054	-330.119	-340.88	-350.293	-358.321	-364.934	-370.104	-373.812	-376.042	-376.787	-376.042	-373.812	-370.104	-364.933	-358.321	-350.292	-340.879	-330.118	-318.053	-304.731	-290.204	-274.529	-257.77	-239.991	-221.263	-201.659	-181.258	-160.14	-138.388	-116.087	-93.3264	-70.1955	-46.7856	-23.189	0.501003	24.191	47.7876	71.1975	94.3284	117.089	139.389	161.142	182.26	202.661	222.264	240.992	258.771	275.531	291.205	305.732	319.054	331.119	341.88	351.293	359.321	365.934	371.104	374.812	377.042	
420.134	419.306	416.825	412.701	406.95	399.596	390.666	380.196	368.228	354.808	339.991	323.833	306.399	287.758	267.984	247.154	225.35	202.659	179.17	154.976	130.173	104.858	79.1304	53.0928	26.8478	0.498714	-25.8503	-52.0954	-78.1329	-103.86	-129.175	-153.979	-178.173	-201.661	-224.352	-246.156	-266.986	-286.76	-305.401	-322.835	-338.992	-353.81	-367.229	-379.197	-389.666	-398.596	-405.951	-411.702	-415.825	-418.306	-419.134	-418.306	-415.825	-411.701	-405.95	-398.596	-389.666	-379.196	-367.228	-353.808	-338.991	-322.833	-305.399	-286.759	-266.984	-246.154	-224.35	-201.659	-178.171	-153.977	-129.173	-103.858	-78.1306	-52.0931	-25.8481	0.500981	26.85	53.0951	79.1326	104.86	130.175	154.979	179.172	202.661	225.352	247.156	267.986	287.76	306.401	323.834	339.992	354.809	368.229	380.197	390.666	399.596	406.951	412.702	416.825	419.306	
460.826	459.917	457.196	452.672	446.363	438.295	428.5	417.015	403.886	389.165	372.911	355.186	336.062	315.614	293.922	271.072	247.154	222.263	196.496	169.956	142.747	114.977	86.7552	58.1929	29.4029	0.498781	-28.4053	-57.1953	-85.7576	-113.98	-141.75	-168.958	-195.498	-221.265	-246.156	-270.074	-292.924	-314.615	-335.064	-354.188	-371.912	-388.166	-402.887	-416.016	-427.5	-437.296	-445.364	-451.672	-456.196	-458.917	-459.826	-458.917	-456.196	-451.672	-445.363	-437.295	-427.5	-416.015	-402.886	-388.165	-371.911	-354.186	-335.062	-314.614	-292.922	-270.072	-246.154	-221.263	-195.496	-168.956	-141.748	-113.977	-85.7555	-57.1932	-28.4031	0.500956	29.405	58.1951	86.7574	114.979	142.749	169.958	196.498	222.264	247.156	271.073	293.923	315.615	336.064	355.188	372.912	389.166	403.887	417.016	428.5	438.296	446.364	452.672	457.196	459.917	
499.7	498.715	495.764	490.858	484.017	475.267	464.644	452.19	437.952	421.988	404.361	385.14	364.401	342.225	318.701	293.922	267.984	240.991	213.048	184.267	154.76	124.645	94.0397	63.0653	31.8439	0.498852	-30.8462	-62.0675	-93.0419	-123.647	-153.762	-183.269	-212.05	-239.993	-266.986	-292.924	-317.703	-341.227	-363.402	-384.141	-403.362	-420.989	-436.953	-451.19	-463.645	-474.268	-483.017	-489.858	-494.764	-497.715	-498.7	-497.715	-494.764	-489.858	-483.017	-474.267	-463.644	-451.19	-436.952	-420.988	-403.361	-384.14	-363.401	-341.225	-317.702	-292.922	-266.984	-239.991	-212.048	-183.267	-153.761	-123.645	-93.0399	-62.0655	-30.8441	0.500927	31.846	63.0673	94.0417	124.647	154.762	184.269	213.05	240.992	267.986	293.923	318.703	342.227	364.402	385.141	404.362	421.989	437.953	452.19	464.645	475.268	484.017	490.858	495.764	498.715	
536.605	535.547	532.378	527.109	519.762	510.366	498.957	485.582	470.292	453.148	434.217	413.575	391.303	367.488	342.225	315.614	287.759	258.77	228.761	197.852	166.165	133.823	100.955	67.6907	34.1612	0.498929	-33.1634	-66.6928	-99.9571	-132.825	-165.167	-196.854	-227.763	-257.771	-286.76	-314.615	-341.227	-366.49	-390.304	-412.577	-433.219	-452.149	-469.293	-484.583	-497.958	-509.366	-518.762	-526.109	-531.378	-534.547	-535.605	-534.547	-531.377	-526.109	-518.762	-509.366	-497.957	-484.582	-469.292	-452.148	-433.217	-412.575	-390.303	-366.488	-341.225	-314.614	-286.759	-257.77	-227.762	-196.853	-165.165	-132.823	-99.9552	-66.6909	-33.1614	0.500895	34.1632	67.6927	100.957	133.825	166.166	197.854	228.763	258.771	287.76	315.615	342.227	367.49	391.304	413.577	434.219	453.149	470.293	485.583	498.958	510.366	519.763	527.109	532.378	535.547	
571.394	570.267	566.892	561.282	553.458	543.452	531.303	517.06	500.778	482.521	462.362	440.381	416.663	391.303	364.401	336.062	306.399	275.529	243.574	210.659	176.915	142.475	107.474	72.051	36.3457	0.49901	-35.3477	-71.0529	-106.476	-141.476	-175.917	-209.661	-242.576	-274.531	-305.401	-335.064	-363.402	-390.304	-415.664	-439.382	-461.363	-481.522	-499.778	-516.06	-530.304	-542.452	-552.458	-560.282	-565.892	-569.267	-570.394	-569.267	-565.892	-560.281	-552.458	-542.452	-530.303	-516.06	-499.778	-481.521	-461.362	-439.381	-415.663	-390.303	-363.401	-335.062	-305.399	-274.529	-242.574	-209.659	-175.915	-141.475	-106.474	-71.0511	-35.3459	0.500859	36.3476	72.0528	107.476	142.476	176.917	210.661	243.576	275.531	306.401	336.064	364.402	391.304	416.664	440.382	462.363	482.522	500.779	517.061	531.304	543.453	553.458	561.282	566.892	570.267	
603.93	602.739	599.171	593.241	584.972	574.395	561.554	546.499	529.289	509.992	488.684	465.45	440.381	413.575	385.14	355.186	323.833	291.204	257.427	222.636	186.969	150.566	113.571	76.1289	38.3888	0.499094	-37.3906	-75.1307	-112.572	-149.568	-185.971	-221.638	-256.429	-290.205	-322.834	-354.188	-384.141	-412.577	-439.382	-464.451	-487.685	-508.993	-528.29	-545.5	-560.555	-573.396	-583.972	-592.241	-598.171	-601.739	-602.929	-601.739	-598.171	-592.241	-583.971	-573.395	-560.554	-545.499	-528.289	-508.992	-487.684	-464.45	-439.381	-412.575	-384.14	-354.186	-322.833	-290.204	-256.427	-221.636	-185.969	-149.566	-112.571	-75.129	-37.3888	0.500819	38.3905	76.1306	113.572	150.568	186.971	222.638	257.429	291.205	323.834	355.188	385.141	413.577	440.382	465.451	488.685	509.993	529.29	546.5	561.555	574.396	584.972	593.241	599.172	602.739	
634.084	632.834	629.088	622.861	614.179	603.074	589.591	573.784	555.714	535.452	513.08	488.684	462.362	434.217	404.361	372.911	339.991	305.731	270.266	233.737	196.287	158.065	119.221	79.9083	40.2822	0.499182	-39.2839	-78.9099	-118.223	-157.067	-195.289	-232.739	-269.268	-304.732	-338.992	-371.912	-403.362	-433.219	-461.363	-487.685	-512.081	-534.453	-554.714	-572.784	-588.592	-602.074	-613.179	-621.861	-628.088	-631.834	-633.084	-631.833	-628.088	-621.861	-613.178	-602.074	-588.591	-572.783	-554.713	-534.452	-512.08	-487.684	-461.362	-433.217	-403.361	-371.911	-338.991	-304.731	-269.266	-232.737	-195.287	-157.065	-118.221	-78.9083	-39.2823	0.500774	40.2838	79.9099	119.223	158.067	196.289	233.739	270.268	305.732	339.992	372.912	404.362	434.219	462.363	488.685	513.081	535.453	555.714	573.784	589.592	603.074	614.179	622.862	629.088	632.834	
661.738	660.433	656.524	650.025	640.964	629.374	615.303	598.806	579.947	558.801	535.452	509.992	482.521	453.148	421.988	389.165	354.808	319.053	282.041	243.917	204.833	164.942	124.403	83.3743	42.0187	0.499272	-41.0202	-82.3758	-123.404	-163.944	-203.834	-242.919	-281.042	-318.054	-353.809	-388.166	-420.989	-452.149	-481.522	-508.993	-534.453	-557.802	-578.947	-597.806	-614.303	-628.375	-639.964	-649.025	-655.524	-659.433	-660.738	-659.433	-655.523	-649.025	-639.963	-628.374	-614.303	-597.805	-578.947	-557.801	-534.452	-508.992	-481.521	-452.148	-420.988	-388.165	-353.808	-318.053	-281.041	-242.917	-203.833	-163.942	-123.403	-82.3743	-41.0187	0.500726	42.0202	83.3758	124.404	164.944	204.834	243.919	282.042	319.054	354.81	389.166	421.989	453.149	482.522	509.993	535.453	558.802	579.948	598.806	615.304	629.375	640.964	650.026	656.524	660.433	
686.782	685.428	681.371	674.626	665.221	653.193	638.589	621.466	601.893	579.947	555.714	529.289	500.778	470.292	437.952	403.886	368.228	331.118	292.704	253.137	212.572	171.171	129.096	86.5133	43.5914	0.499364	-42.5926	-85.5146	-128.097	-170.172	-211.573	-252.138	-291.705	-330.119	-367.229	-402.887	-436.953	-469.293	-499.778	-528.29	-554.714	-578.947	-600.894	-620.467	-637.589	-652.193	-664.221	-673.626	-680.37	-684.428	-685.782	-684.428	-680.37	-673.626	-664.221	-652.193	-637.588	-620.466	-600.893	-578.947	-554.713	-528.289	-499.777	-469.292	-436.952	-402.886	-367.228	-330.118	-291.704	-252.137	-211.572	-170.171	-128.096	-85.5133	-42.5913	0.500673	43.5927	86.5146	129.097	171.172	212.573	253.138	292.705	331.119	368.229	403.887	437.953	470.293	500.779	529.29	555.714	579.948	601.894	621.467	638.589	653.193	665.222	674.626	681.371	685.428	
709.118	707.72	703.53	696.566	686.855	674.436	659.356	641.676	621.466	598.806	573.784	546.499	517.06	485.582	452.19	417.015	380.196	341.879	302.214	261.359	219.474	176.726	133.281	89.3128	44.9939	0.499457	-43.995	-88.3139	-132.282	-175.727	-218.475	-260.36	-301.215	-340.88	-379.197	-416.015	-451.19	-484.583	-516.06	-545.5	-572.784	-597.806	-620.467	-640.677	-658.356	-673.436	-685.855	-695.566	-702.53	-706.719	-708.118	-706.719	-702.53	-695.566	-685.855	-673.435	-658.356	-640.676	-620.466	-597.805	-572.783	-545.499	-516.06	-484.582	-451.189	-416.015	-379.196	-340.879	-301.214	-260.359	-218.474	-175.725	-132.281	-88.3127	-43.9939	0.500615	44.9951	89.314	133.282	176.727	219.476	261.36	302.215	341.88	380.197	417.016	452.191	485.583	517.061	546.5	573.784	598.806	621.467	641.677	659.357	674.436	686.856	696.567	703.53	707.72	
728.657	727.22	722.915	715.759	705.781	693.019	677.523	659.356	638.589	615.303	589.591	561.554	531.303	498.958	464.644	428.5	390.666	351.292	310.534	268.552	225.512	181.585	136.943	91.7618	46.2209	0.499551	-45.2218	-90.7627	-135.943	-180.586	-224.513	-267.553	-309.535	-350.293	-389.666	-427.5	-463.645	-497.958	-530.304	-560.555	-588.592	-614.303	-637.589	-658.356	-676.523	-692.018	-704.781	-714.759	-721.915	-726.22	-727.657	-726.22	-721.915	-714.759	-704.78	-692.018	-676.523	-658.356	-637.588	-614.303	-588.591	-560.554	-530.303	-497.957	-463.644	-427.499	-389.666	-350.292	-309.534	-267.552	-224.512	-180.585	-135.942	-90.7617	-45.2208	0.500554	46.2219	91.7628	136.944	181.586	225.513	268.553	310.535	351.293	390.667	428.5	464.645	498.958	531.304	561.555	589.592	615.304	638.589	659.357	677.524	693.019	705.781	715.76	722.916	727.22	
745.323	743.853	739.45	732.13	721.923	708.868	693.019	674.436	653.193	629.374	603.074	574.396	543.452	510.366	475.268	438.295	399.596	359.321	317.63	274.687	230.663	185.73	140.065	93.8507	47.2674	0.499645	-46.2681	-92.8514	-139.066	-184.73	-229.663	-273.688	-316.63	-358.321	-398.596	-437.296	-474.268	-509.366	-542.452	-573.396	-602.074	-628.375	-652.193	-673.436	-692.018	-707.868	-720.922	-731.13	-738.449	-742.853	-744.322	-742.853	-738.449	-731.129	-720.922	-707.868	-692.018	-673.435	-652.193	-628.374	-602.074	-573.395	-542.452	-509.366	-474.267	-437.295	-398.595	-358.321	-316.63	-273.687	-229.662	-184.729	-139.065	-92.8505	-46.2673	0.500488	47.2683	93.8515	140.066	185.73	230.663	274.688	317.63	359.321	399.596	438.296	475.268	510.367	543.453	574.396	603.075	629.375	653.193	674.436	693.019	708.869	721.923	732.13	739.45	743.853	
759.049	757.552	753.067	745.613	735.218	721.923	705.781	686.855	665.221	640.964	614.179	584.972	553.458	519.762	484.017	446.364	406.95	365.933	323.474	279.74	234.904	189.143	142.638	95.5711	48.1294	0.499739	-47.1299	-94.5716	-141.638	-188.144	-233.905	-278.741	-322.474	-364.934	-405.951	-445.364	-483.017	-518.762	-552.458	-583.972	-613.179	-639.964	-664.221	-685.855	-704.781	-720.922	-734.217	-744.612	-752.067	-756.552	-758.048	-756.551	-752.067	-744.612	-734.217	-720.922	-704.78	-685.855	-664.221	-639.963	-613.178	-583.971	-552.458	-518.762	-483.017	-445.363	-405.95	-364.933	-322.474	-278.74	-233.904	-188.143	-141.637	-94.5709	-47.1292	0.500418	48.1301	95.5718	142.638	189.144	234.905	279.741	323.475	365.934	406.951	446.364	484.017	519.763	553.459	584.972	614.179	640.964	665.222	686.856	705.781	721.923	735.218	745.613	753.067	757.552	
