-800.169	-798.589	-793.856	-785.987	-775.015	-760.982	-743.944	-723.967	-701.132	-675.528	-647.255	-616.426	-583.163	-547.596	-509.866	-470.122	-428.52	-385.225	-340.408	-294.246	-246.92	-198.618	-149.53	-99.8505	-49.7745	0.499995	50.7744	100.85	150.53	199.618	247.92	295.246	341.408	386.225	429.52	471.122	510.866	548.596	584.163	617.426	648.255	676.528	702.132	724.967	744.944	761.982	776.015	786.987	794.856	799.589	801.169	799.589	794.856	786.987	776.015	761.982	744.944	724.967	702.132	676.528	648.255	617.426	584.163	548.596	510.866	471.122	429.52	386.225	341.408	295.246	247.92	199.618	150.53	100.85	50.7744	0.499995	-49.7745	-99.8505	-149.53	-198.618	-246.92	-294.246	-340.408	-385.225	-428.52	-470.122	-509.866	-547.596	-583.163	-616.426	-647.255	-675.528	-701.132	-723.967	-743.944	-760.982	-775.015	-785.987	-793.856	-798.589	
-798.589	-797.013	-792.288	-784.435	-773.485	-759.479	-742.475	-722.538	-699.747	-674.194	-645.977	-615.209	-582.011	-546.514	-508.859	-469.193	-427.674	-384.464	-339.736	-293.664	-246.432	-198.225	-149.234	-99.6525	-49.6753	0.499992	50.6752	100.652	150.234	199.225	247.432	294.664	340.736	385.464	428.674	470.193	509.859	547.514	583.011	616.209	646.977	675.194	700.747	723.538	743.475	760.479	774.485	785.435	793.288	798.013	799.589	798.013	793.288	785.435	774.485	760.479	743.475	723.538	700.747	675.194	646.977	616.209	583.011	547.514	509.859	470.193	428.674	385.464	340.736	294.664	247.432	199.225	150.234	100.652	50.6752	0.499998	-49.6752	-99.6525	-149.234	-198.225	-246.432	-293.664	-339.736	-384.464	-427.674	-469.193	-508.859	-546.514	-582.011	-615.209	-645.977	-674.194	-699.747	-722.538	-742.475	-759.479	-773.485	-784.435	-792.288	-797.013	
-793.856	-792.288	-787.592	-779.786	-768.9	-754.977	-738.073	-718.255	-695.599	-670.197	-642.147	-611.562	-578.561	-543.274	-505.842	-466.411	-425.137	-382.184	-337.72	-291.922	-244.969	-197.048	-148.347	-99.0592	-49.378	0.499989	50.378	100.059	149.347	198.048	245.969	292.922	338.72	383.184	426.137	467.411	506.842	544.274	579.561	612.562	643.147	671.197	696.599	719.255	739.073	755.977	769.9	780.786	788.592	793.288	794.856	793.288	788.592	780.786	769.9	755.977	739.073	719.255	696.599	671.197	643.147	612.562	579.561	544.274	506.842	467.411	426.137	383.184	338.72	292.922	245.969	198.048	149.347	100.059	50.378	0.5	-49.378	-99.0592	-148.347	-197.048	-244.969	-291.922	-337.72	-382.184	-425.137	-466.411	-505.842	-543.274	-578.561	-611.562	-642.147	-670.197	-695.599	-718.255	-738.073	-754.977	-768.9	-779.786	-787.592	-792.288	
-785.987	-784.435	-779.786	-772.057	-761.278	-747.494	-730.757	-711.135	-688.704	-663.553	-635.782	-605.499	-572.825	-537.888	-500.826	-461.786	-420.921	-378.393	-334.37	-289.025	-242.538	-195.091	-146.873	-98.073	-48.884	0.499987	49.8839	99.073	147.873	196.091	243.538	290.025	335.37	379.393	421.921	462.786	501.826	538.888	573.825	606.499	636.782	664.553	689.704	712.135	731.757	748.494	762.278	773.057	780.786	785.435	786.987	785.435	780.786	773.057	762.278	748.494	731.757	712.135	689.704	664.553	636.782	606.499	573.825	538.888	501.826	462.786	421.921	379.393	335.37	290.025	243.538	196.091	147.873	99.073	49.884	0.500003	-48.8839	-98.073	-146.873	-195.091	-242.538	-289.025	-334.37	-378.393	-420.921	-461.786	-500.826	-537.888	-572.825	-605.499	-635.782	-663.553	-688.704	-711.135	-730.757	-747.494	-761.278	-772.057	-779.786	-784.435	
-775.015	-773.485	-768.9	-761.278	-750.651	-737.059	-720.556	-701.207	-679.089	-654.289	-626.905	-597.045	-564.826	-530.377	-493.832	-455.336	-415.042	-373.107	-329.698	-284.986	-239.147	-192.363	-144.817	-96.6978	-48.195	0.499984	49.195	97.6978	145.817	193.363	240.147	285.986	330.698	374.107	416.042	456.336	494.832	531.376	565.826	598.045	627.905	655.289	680.089	702.207	721.556	738.059	751.651	762.278	769.9	774.485	776.015	774.485	769.9	762.278	751.651	738.059	721.556	702.207	680.089	655.289	627.905	598.045	565.826	531.377	494.832	456.336	416.042	374.107	330.698	285.986	240.147	193.363	145.817	97.6978	49.195	0.500006	-48.195	-96.6978	-144.817	-192.363	-239.147	-284.986	-329.698	-373.107	-415.042	-455.336	-493.832	-530.376	-564.826	-597.045	-626.905	-654.289	-679.089	-701.207	-720.556	-737.059	-750.651	-761.278	-768.9	-773.485	
-760.982	-759.479	-754.977	-747.494	-737.059	-723.712	-707.508	-688.509	-666.792	-642.44	-615.552	-586.232	-554.596	-520.77	-484.887	-447.088	-407.522	-366.347	-323.723	-279.82	-234.811	-188.873	-142.187	-94.939	-47.3139	0.499982	48.3138	95.939	143.187	189.873	235.811	280.82	324.723	367.347	408.522	448.088	485.887	521.77	555.596	587.232	616.552	643.44	667.792	689.509	708.508	724.712	738.059	748.494	755.977	760.479	761.982	760.479	755.977	748.494	738.059	724.712	708.508	689.509	667.792	643.44	616.552	587.232	555.596	521.77	485.887	448.088	408.522	367.347	324.723	280.82	235.811	189.873	143.187	95.939	48.3139	0.500009	-47.3138	-94.939	-142.187	-188.873	-234.811	-279.82	-323.723	-366.347	-407.522	-447.088	-484.887	-520.77	-554.596	-586.232	-615.552	-642.44	-666.792	-688.509	-707.508	-723.712	-737.059	-747.494	-754.977	-759.479	
-743.944	-742.475	-738.073	-730.757	-720.556	-707.508	-691.666	-673.093	-651.861	-628.055	-601.768	-573.104	-542.176	-509.107	-474.026	-437.073	-398.393	-358.138	-316.469	-273.548	-229.546	-184.636	-138.995	-92.8035	-46.244	0.499979	47.244	93.8035	139.995	185.636	230.546	274.548	317.469	359.138	399.393	438.073	475.026	510.107	543.176	574.104	602.768	629.055	652.861	674.093	692.666	708.508	721.556	731.757	739.073	743.475	744.944	743.475	739.073	731.757	721.556	708.508	692.666	674.093	652.861	629.055	602.768	574.104	543.176	510.107	475.026	438.073	399.393	359.138	317.469	274.548	230.546	185.636	139.995	93.8035	47.244	0.500011	-46.244	-92.8035	-138.995	-184.636	-229.546	-273.548	-316.469	-358.138	-398.393	-437.073	-474.026	-509.107	-542.176	-573.104	-601.768	-628.055	-651.861	-673.093	-691.666	-707.508	-720.556	-730.757	-738.073	-742.475	
-723.967	-722.538	-718.255	-711.135	-701.207	-688.509	-673.093	-655.018	-634.356	-611.188	-585.606	-557.712	-527.614	-495.432	-461.293	-425.331	-387.689	-348.515	-307.963	-266.194	-223.373	-179.668	-135.252	-90.2999	-44.9897	0.499977	45.9897	91.2998	136.252	180.668	224.373	267.194	308.963	349.515	388.689	426.331	462.293	496.432	528.614	558.712	586.606	612.188	635.356	656.018	674.093	689.509	702.207	712.135	719.255	723.538	724.967	723.538	719.255	712.135	702.207	689.509	674.093	656.018	635.356	612.188	586.606	558.712	528.614	496.432	462.293	426.331	388.689	349.515	308.963	267.194	224.373	180.668	136.252	91.2999	45.9897	0.500014	-44.9897	-90.2998	-135.252	-179.668	-223.373	-266.194	-307.963	-348.515	-387.689	-425.331	-461.293	-495.432	-527.614	-557.712	-585.606	-611.188	-634.356	-655.018	-673.093	-688.509	-701.207	-711.135	-718.255	-722.538	
-701.132	-699.747	-695.599	-688.704	-679.089	-666.792	-651.861	-634.356	-614.345	-591.907	-567.132	-540.117	-510.968	-479.8	-446.737	-411.909	-375.453	-337.514	-298.24	-257.788	-216.316	-173.989	-130.973	-87.4378	-43.5559	0.499975	44.5558	88.4378	131.973	174.989	217.316	258.788	299.24	338.514	376.453	412.909	447.737	480.8	511.968	541.117	568.132	592.907	615.345	635.356	652.861	667.792	680.089	689.704	696.599	700.747	702.132	700.747	696.599	689.704	680.089	667.792	652.861	635.356	615.345	592.907	568.132	541.117	511.968	480.8	447.737	412.909	376.453	338.514	299.24	258.788	217.316	174.989	131.973	88.4378	44.5559	0.500017	-43.5558	-87.4378	-130.973	-173.989	-216.316	-257.788	-298.24	-337.514	-375.453	-411.909	-446.737	-479.8	-510.968	-540.117	-567.132	-591.907	-614.345	-634.356	-651.861	-666.792	-679.089	-688.704	-695.599	-699.747	
-675.528	-674.194	-670.197	-663.553	-654.289	-642.44	-628.055	-611.188	-591.907	-570.289	-546.418	-520.388	-492.303	-462.273	-430.416	-396.859	-361.734	-325.179	-287.339	-248.362	-208.404	-167.621	-126.175	-84.2287	-41.9481	0.499973	42.9481	85.2287	127.175	168.621	209.404	249.362	288.339	326.179	362.734	397.859	431.416	463.273	493.303	521.388	547.418	571.289	592.907	612.188	629.055	643.44	655.289	664.553	671.197	675.194	676.528	675.194	671.197	664.553	655.289	643.44	629.055	612.188	592.907	571.289	547.418	521.388	493.303	463.273	431.416	397.859	362.734	326.179	288.339	249.362	209.404	168.621	127.175	85.2287	42.9481	0.50002	-41.9481	-84.2287	-126.175	-167.621	-208.404	-248.362	-287.339	-325.179	-361.734	-396.859	-430.416	-462.273	-492.303	-520.388	-546.418	-570.289	-591.907	-611.188	-628.055	-642.44	-654.289	-663.553	-670.197	-674.194	
-647.255	-645.977	-642.147	-635.782	-626.905	-615.552	-601.768	-585.606	-567.132	-546.418	-523.545	-498.604	-471.693	-442.919	-412.395	-380.241	-346.585	-311.558	-275.301	-237.955	-199.667	-160.59	-120.877	-80.6853	-40.1729	0.499971	41.1729	81.6852	121.877	161.59	200.667	238.955	276.301	312.558	347.585	381.241	413.395	443.919	472.693	499.604	524.545	547.418	568.132	586.606	602.768	616.552	627.905	636.782	643.147	646.977	648.255	646.977	643.147	636.782	627.905	616.552	602.768	586.606	568.132	547.418	524.545	499.604	472.693	443.919	413.395	381.241	347.585	312.558	276.301	238.955	200.667	161.59	121.877	81.6853	41.1729	0.500022	-40.1729	-80.6852	-120.877	-160.59	-199.667	-237.955	-275.301	-311.558	-346.585	-380.241	-412.395	-442.919	-471.693	-498.604	-523.545	-546.418	-567.132	-585.606	-601.768	-615.552	-626.905	-635.782	-642.147	-645.977	
-616.426	-615.209	-611.562	-605.499	-597.045	-586.232	-573.104	-557.712	-540.117	-520.388	-498.604	-474.85	-449.22	-421.815	-392.744	-362.12	-330.066	-296.707	-262.175	-226.606	-190.141	-152.923	-115.101	-76.8214	-38.2372	0.499969	39.2371	77.8213	116.1	153.923	191.141	227.606	263.174	297.707	331.066	363.12	393.744	422.815	450.22	475.85	499.604	521.388	541.117	558.712	574.104	587.232	598.045	606.499	612.562	616.209	617.426	616.209	612.562	606.499	598.045	587.232	574.104	558.712	541.117	521.388	499.604	475.85	450.22	422.815	393.744	363.12	331.066	297.707	263.175	227.606	191.141	153.923	116.101	77.8214	39.2372	0.500025	-38.2371	-76.8214	-115.1	-152.923	-190.141	-226.606	-262.174	-296.707	-330.066	-362.12	-392.744	-421.815	-449.22	-474.85	-498.604	-520.388	-540.117	-557.712	-573.104	-586.232	-597.045	-605.499	-611.562	-615.209	
-583.163	-582.011	-578.561	-572.825	-564.826	-554.596	-542.176	-527.614	-510.968	-492.303	-471.693	-449.22	-424.972	-399.045	-371.541	-342.568	-312.242	-280.682	-248.012	-214.361	-179.862	-144.651	-108.868	-72.6524	-36.1485	0.499967	37.1485	73.6523	109.867	145.651	180.862	215.361	249.012	281.682	313.242	343.568	372.541	400.045	425.972	450.22	472.693	493.303	511.968	528.614	543.176	555.596	565.826	573.825	579.561	583.011	584.163	583.011	579.561	573.825	565.826	555.596	543.176	528.614	511.968	493.303	472.693	450.22	425.972	400.045	372.541	343.568	313.242	281.682	249.012	215.361	180.862	145.651	109.868	73.6524	37.1485	0.500027	-36.1485	-72.6523	-108.867	-144.651	-179.862	-214.361	-248.012	-280.682	-312.242	-342.568	-371.541	-399.045	-424.972	-449.22	-471.693	-492.303	-510.968	-527.614	-542.176	-554.596	-564.826	-572.825	-578.561	-582.011	
-547.596	-546.514	-543.274	-537.888	-530.377	-520.77	-509.107	-495.432	-479.8	-462.273	-442.919	-421.815	-399.045	-374.698	-348.87	-321.663	-293.185	-263.547	-232.868	-201.268	-168.871	-135.806	-102.203	-68.1947	-33.9153	0.499966	34.9152	69.1946	103.203	136.806	169.871	202.268	233.868	264.547	294.184	322.663	349.869	375.697	400.045	422.815	443.919	463.273	480.8	496.432	510.107	521.77	531.376	538.888	544.274	547.514	548.596	547.514	544.274	538.888	531.377	521.77	510.107	496.432	480.8	463.273	443.919	422.815	400.045	375.698	349.87	322.663	294.185	264.547	233.868	202.268	169.871	136.806	103.203	69.1947	34.9153	0.500029	-33.9152	-68.1946	-102.203	-135.806	-168.871	-201.268	-232.868	-263.547	-293.184	-321.663	-348.869	-374.697	-399.045	-421.815	-442.919	-462.273	-479.8	-495.432	-509.107	-520.77	-530.376	-537.888	-543.274	-546.514	
-509.866	-508.859	-505.842	-500.826	-493.832	-484.887	-474.026	-461.293	-446.737	-430.416	-412.395	-392.744	-371.541	-348.87	-324.819	-299.486	-272.968	-245.371	-216.803	-187.378	-157.212	-126.423	-95.1331	-63.4658	-31.5462	0.499964	32.5461	64.4658	96.133	127.423	158.212	188.378	217.803	246.371	273.968	300.486	325.819	349.869	372.541	393.744	413.395	431.416	447.737	462.293	475.026	485.887	494.832	501.826	506.842	509.859	510.866	509.859	506.842	501.826	494.832	485.887	475.026	462.293	447.737	431.416	413.395	393.744	372.541	349.87	325.819	300.486	273.968	246.371	217.803	188.378	158.212	127.423	96.1331	64.4658	32.5462	0.500031	-31.5461	-63.4658	-95.133	-126.423	-157.212	-187.378	-216.803	-245.371	-272.968	-299.486	-324.819	-348.869	-371.541	-392.744	-412.395	-430.416	-446.737	-461.293	-474.026	-484.887	-493.832	-500.826	-505.842	-508.859	
-470.122	-469.193	-466.411	-461.786	-455.336	-447.088	-437.073	-425.331	-411.909	-396.859	-380.241	-362.12	-342.568	-321.663	-299.486	-276.125	-251.672	-226.224	-199.881	-172.747	-144.93	-116.539	-87.6857	-58.4846	-29.0506	0.499963	30.0505	59.4845	88.6857	117.539	145.93	173.747	200.881	227.224	252.672	277.124	300.486	322.663	343.568	363.12	381.241	397.859	412.909	426.331	438.073	448.088	456.336	462.786	467.411	470.193	471.122	470.193	467.411	462.786	456.336	448.088	438.073	426.331	412.909	397.859	381.241	363.12	343.568	322.663	300.486	277.125	252.672	227.224	200.881	173.747	145.93	117.539	88.6857	59.4846	30.0506	0.500033	-29.0505	-58.4845	-87.6857	-116.539	-144.93	-172.747	-199.881	-226.224	-251.672	-276.124	-299.486	-321.663	-342.568	-362.12	-380.241	-396.859	-411.909	-425.331	-437.073	-447.088	-455.336	-461.786	-466.411	-469.193	
-428.52	-427.674	-425.137	-420.921	-415.042	-407.522	-398.393	-387.689	-375.453	-361.734	-346.585	-330.066	-312.242	-293.185	-272.968	-251.672	-229.381	-206.182	-182.168	-157.433	-132.075	-106.193	-79.8904	-53.2705	-26.4384	0.499961	27.4384	54.2704	80.8903	107.193	133.074	158.433	183.168	207.182	230.38	252.672	273.968	294.184	313.242	331.066	347.585	362.734	376.453	388.689	399.393	408.522	416.042	421.921	426.137	428.674	429.52	428.674	426.137	421.921	416.042	408.522	399.393	388.689	376.453	362.734	347.585	331.066	313.242	294.185	273.968	252.672	230.381	207.182	183.168	158.433	133.075	107.193	80.8904	54.2705	27.4384	0.500035	-26.4384	-53.2704	-79.8903	-106.193	-132.074	-157.433	-182.168	-206.182	-229.38	-251.672	-272.968	-293.184	-312.242	-330.066	-346.585	-361.734	-375.453	-387.689	-398.393	-407.522	-415.042	-420.921	-425.137	-427.674	
-385.225	-384.464	-382.184	-378.393	-373.107	-366.347	-358.138	-348.515	-337.514	-325.179	-311.558	-296.707	-280.682	-263.547	-245.371	-226.224	-206.182	-185.325	-163.734	-141.495	-118.696	-95.4261	-71.7778	-47.8443	-23.7199	0.49996	24.7199	48.8442	72.7777	96.426	119.696	142.495	164.734	186.325	207.182	227.224	246.371	264.547	281.682	297.707	312.558	326.179	338.514	349.515	359.138	367.347	374.107	379.393	383.184	385.464	386.225	385.464	383.184	379.393	374.107	367.347	359.138	349.515	338.514	326.179	312.558	297.707	281.682	264.547	246.371	227.224	207.182	186.325	164.734	142.495	119.696	96.4261	72.7778	48.8443	24.7199	0.500037	-23.7199	-47.8442	-71.7777	-95.426	-118.696	-141.495	-163.734	-185.325	-206.182	-226.224	-245.371	-263.547	-280.682	-296.707	-311.558	-325.179	-337.514	-348.515	-358.138	-366.347	-373.107	-378.393	-382.184	-384.464	
-340.408	-339.736	-337.72	-334.37	-329.698	-323.723	-316.469	-307.963	-298.24	-287.339	-275.301	-262.175	-248.012	-232.868	-216.803	-199.881	-182.168	-163.734	-144.652	-124.997	-104.847	-84.2805	-63.3799	-42.2272	-20.9059	0.499959	21.9058	43.2271	64.3798	85.2804	105.846	125.997	145.652	164.734	183.168	200.881	217.803	233.868	249.012	263.174	276.301	288.339	299.24	308.963	317.469	324.723	330.698	335.37	338.72	340.736	341.408	340.736	338.72	335.37	330.698	324.723	317.469	308.963	299.24	288.339	276.301	263.175	249.012	233.868	217.803	200.881	183.168	164.734	145.652	125.997	105.847	85.2805	64.3799	43.2272	21.9059	0.500038	-20.9058	-42.2271	-63.3798	-84.2804	-104.846	-124.997	-144.652	-163.734	-182.168	-199.881	-216.803	-232.868	-248.012	-262.174	-275.301	-287.339	-298.24	-307.963	-316.469	-323.723	-329.698	-334.37	-337.72	-339.736	
-294.246	-293.664	-291.922	-289.025	-284.986	-279.82	-273.548	-266.194	-257.788	-248.362	-237.955	-226.606	-214.361	-201.268	-187.378	-172.747	-157.433	-141.495	-124.997	-108.003	-90.5816	-72.8004	-54.7299	-36.4415	-18.0073	0.499958	19.0072	37.4414	55.7299	73.8003	91.5815	109.003	125.997	142.495	158.433	173.747	188.378	202.268	215.361	227.606	238.955	249.362	258.788	267.194	274.548	280.82	285.986	290.025	292.922	294.664	295.246	294.664	292.922	290.025	285.986	280.82	274.548	267.194	258.788	249.362	238.955	227.606	215.361	202.268	188.378	173.747	158.433	142.495	125.997	109.003	91.5816	73.8004	55.7299	37.4415	19.0073	0.50004	-18.0072	-36.4414	-54.7299	-72.8003	-90.5815	-108.003	-124.997	-141.495	-157.433	-172.747	-187.378	-201.268	-214.361	-226.606	-237.955	-248.362	-257.788	-266.194	-273.548	-279.82	-284.986	-289.025	-291.922	-293.664	
-246.92	-246.432	-244.969	-242.538	-239.147	-234.811	-229.546	-223.373	-216.316	-208.404	-199.667	-190.141	-179.862	-168.871	-157.212	-144.93	-132.075	-118.696	-104.847	-90.5816	-75.9572	-61.031	-45.862	-30.51	-15.0357	0.499958	16.0356	31.51	46.8619	62.0309	76.9571	91.5815	105.846	119.696	133.074	145.93	158.212	169.871	180.862	191.141	200.667	209.404	217.316	224.373	230.546	235.811	240.147	243.538	245.969	247.432	247.92	247.432	245.969	243.538	240.147	235.811	230.546	224.373	217.316	209.404	200.667	191.141	180.862	169.871	158.212	145.93	133.075	119.696	105.847	91.5816	76.9572	62.031	46.862	31.51	16.0357	0.500041	-15.0356	-30.51	-45.8619	-61.0309	-75.9571	-90.5815	-104.846	-118.696	-132.074	-144.93	-157.212	-168.871	-179.862	-190.141	-199.667	-208.404	-216.316	-223.373	-229.546	-234.811	-239.147	-242.538	-244.969	-246.432	
-198.618	-198.225	-197.048	-195.091	-192.363	-188.873	-184.636	-179.668	-173.989	-167.621	-160.59	-152.923	-144.651	-135.806	-126.423	-116.539	-106.193	-95.4261	-84.2805	-72.8004	-61.031	-49.0188	-36.8111	-24.4562	-12.0028	0.499957	13.0027	25.4561	37.811	50.0187	62.0309	73.8003	85.2804	96.426	107.193	117.539	127.423	136.806	145.651	153.923	161.59	168.621	174.989	180.668	185.636	189.873	193.363	196.091	198.048	199.225	199.618	199.225	198.048	196.091	193.363	189.873	185.636	180.668	174.989	168.621	161.59	153.923	145.651	136.806	127.423	117.539	107.193	96.4261	85.2805	73.8004	62.031	50.0188	37.8111	25.4562	13.0028	0.500042	-12.0027	-24.4561	-36.811	-49.0187	-61.0309	-72.8003	-84.2804	-95.426	-106.193	-116.539	-126.423	-135.806	-144.651	-152.923	-160.59	-167.621	-173.989	-179.668	-184.636	-188.873	-192.363	-195.091	-197.048	-198.225	
-149.53	-149.234	-148.347	-146.873	-144.817	-142.187	-138.995	-135.252	-130.973	-126.175	-120.877	-115.101	-108.868	-102.203	-95.1331	-87.6857	-79.8904	-71.7778	-63.3799	-54.7299	-45.862	-36.8111	-27.613	-18.3038	-8.92054	0.499957	9.92045	19.3038	28.6129	37.811	46.8619	55.7299	64.3798	72.7777	80.8903	88.6857	96.133	103.203	109.867	116.1	121.877	127.175	131.973	136.252	139.995	143.187	145.817	147.873	149.347	150.234	150.53	150.234	149.347	147.873	145.817	143.187	139.995	136.252	131.973	127.175	121.877	116.101	109.868	103.203	96.1331	88.6857	80.8904	72.7778	64.3799	55.7299	46.862	37.8111	28.613	19.3038	9.92053	0.500043	-8.92045	-18.3038	-27.6129	-36.811	-45.8619	-54.7299	-63.3798	-71.7777	-79.8903	-87.6857	-95.133	-102.203	-108.867	-115.1	-120.877	-126.175	-130.973	-135.252	-138.995	-142.187	-144.817	-146.873	-148.347	-149.234	
-99.8505	-99.6525	-99.0592	-98.073	-96.6978	-94.939	-92.8035	-90.2999	-87.4378	-84.2287	-80.6853	-76.8214	-72.6524	-68.1947	-63.4658	-58.4846	-53.2705	-47.8443	-42.2272	-36.4415	-30.51	-24.4562	-18.3038	-12.0773	-5.8011	0.499956	6.80102	13.0772	19.3038	25.4561	31.51	37.4414	43.2271	48.8442	54.2704	59.4845	64.4658	69.1946	73.6523	77.8214	81.6852	85.2287	88.4378	91.2998	93.8035	95.939	97.6978	99.073	100.059	100.652	100.85	100.652	100.059	99.073	97.6978	95.939	93.8035	91.2999	88.4378	85.2287	81.6853	77.8214	73.6524	69.1947	64.4658	59.4846	54.2705	48.8443	43.2272	37.4415	31.51	25.4562	19.3038	13.0773	6.8011	0.500043	-5.80102	-12.0772	-18.3038	-24.4561	-30.51	-36.4414	-42.2271	-47.8442	-53.2704	-58.4845	-63.4658	-68.1946	-72.6523	-76.8213	-80.6852	-84.2287	-87.4378	-90.2998	-92.8035	-94.939	-96.6978	-98.073	-99.0592	-99.6525	
-49.7744	-49.6752	-49.378	-48.884	-48.195	-47.3139	-46.244	-44.9897	-43.5559	-41.9481	-40.1729	-38.2372	-36.1485	-33.9153	-31.5462	-29.0506	-26.4384	-23.7199	-20.9059	-18.0073	-15.0357	-12.0028	-8.92054	-5.8011	-2.6568	0.499956	3.65671	6.80102	9.92045	13.0027	16.0356	19.0072	21.9058	24.7199	27.4384	30.0505	32.5461	34.9152	37.1485	39.2371	41.1729	42.9481	44.5558	45.9897	47.244	48.3138	49.195	49.8839	50.378	50.6752	50.7745	50.6753	50.378	49.884	49.195	48.3139	47.244	45.9897	44.5559	42.9481	41.1729	39.2372	37.1485	34.9153	32.5462	30.0506	27.4384	24.7199	21.9059	19.0073	16.0357	13.0028	9.92054	6.8011	3.6568	0.500043	-2.65672	-5.80102	-8.92045	-12.0027	-15.0356	-18.0072	-20.9058	-23.7199	-26.4384	-29.0505	-31.5461	-33.9152	-36.1485	-38.2371	-40.1729	-41.9481	-43.5558	-44.9897	-46.244	-47.3138	-48.195	-48.8839	-49.378	-49.6752	
0.500005	0.500002	0.5	0.499997	0.499994	0.499991	0.499988	0.499986	0.499983	0.49998	0.499978	0.499975	0.499973	0.49997	0.499968	0.499966	0.499964	0.499963	0.499961	0.49996	0.499959	0.499958	0.499957	0.499956	0.499956	0.499956	0.499956	0.499956	0.499957	0.499958	0.499959	0.49996	0.499961	0.499963	0.499964	0.499966	0.499968	0.49997	0.499973	0.499975	0.499978	0.49998	0.499983	0.499986	0.499988	0.499991	0.499994	0.499997	0.5	0.500002	0.500005	0.500008	0.500011	0.500013	0.500016	0.500018	0.50002	0.500023	0.500025	0.500027	0.500029	0.500031	0.500033	0.500034	0.500036	0.500037	0.500038	0.500039	0.50004	0.500041	0.500042	0.500042	0.500043	0.500043	0.500043	0.500044	0.500043	0.500043	0.500043	0.500042	0.500042	0.500041	0.50004	0.500039	0.500038	0.500037	0.500036	0.500034	0.500033	0.500031	0.500029	0.500027	0.500025	0.500023	0.50002	0.500018	0.500016	0.500013	0.500011	0.500008	
50.7745	50.6752	50.378	49.8839	49.195	48.3138	47.244	45.9897	44.5558	42.9481	41.1729	39.2371	37.1485	34.9152	32.5461	30.0505	27.4384	24.7199	21.9058	19.0072	16.0356	13.0027	9.92045	6.80102	3.65671	0.499956	-2.6568	-5.8011	-8.92054	-12.0028	-15.0357	-18.0073	-20.9059	-23.7199	-26.4384	-29.0506	-31.5462	-33.9153	-36.1485	-38.2372	-40.1729	-41.9481	-43.5559	-44.9897	-46.244	-47.3139	-48.195	-48.884	-49.378	-49.6752	-49.7744	-49.6752	-49.378	-48.8839	-48.195	-47.3138	-46.244	-44.9897	-43.5558	-41.9481	-40.1729	-38.2371	-36.1485	-33.9152	-31.5461	-29.0505	-26.4384	-23.7199	-20.9058	-18.0072	-15.0356	-12.0027	-8.92045	-5.80102	-2.65672	0.500043	3.6568	6.8011	9.92054	13.0028	16.0357	19.0073	21.9059	24.7199	27.4384	30.0506	32.5462	34.9153	37.1485	39.2372	41.1729	42.9481	44.5559	45.9897	47.244	48.3139	49.195	49.884	50.378	50.6753	
100.85	100.652	100.059	99.073	97.6978	95.939	93.8035	91.2998	88.4378	85.2287	81.6852	77.8214	73.6523	69.1946	64.4658	59.4845	54.2704	48.8442	43.2271	37.4414	31.51	25.4561	19.3038	13.0772	6.80102	0.499956	-5.8011	-12.0773	-18.3038	-24.4562	-30.51	-36.4415	-42.2272	-47.8443	-53.2705	-58.4846	-63.4658	-68.1947	-72.6524	-76.8214	-80.6853	-84.2287	-87.4378	-90.2999	-92.8035	-94.939	-96.6978	-98.073	-99.0592	-99.6525	-99.8505	-99.6525	-99.0592	-98.073	-96.6978	-94.939	-92.8035	-90.2998	-87.4378	-84.2287	-80.6852	-76.8213	-72.6523	-68.1946	-63.4658	-58.4845	-53.2704	-47.8442	-42.2271	-36.4414	-30.51	-24.4561	-18.3038	-12.0772	-5.80102	0.500043	6.8011	13.0773	19.3038	25.4562	31.51	37.4415	43.2272	48.8443	54.2705	59.4846	64.4658	69.1947	73.6524	77.8214	81.6853	85.2287	88.4378	91.2999	93.8035	95.939	97.6978	99.073	100.059	100.652	
150.53	150.234	149.347	147.873	145.817	143.187	139.995	136.252	131.973	127.175	121.877	116.1	109.867	103.203	96.133	88.6857	80.8903	72.7777	64.3798	55.7299	46.8619	37.811	28.6129	19.3038	9.92045	0.499957	-8.92054	-18.3038	-27.613	-36.8111	-45.862	-54.7299	-63.3799	-71.7778	-79.8904	-87.6857	-95.1331	-102.203	-108.868	-115.101	-120.877	-126.175	-130.973	-135.252	-138.995	-142.187	-144.817	-146.873	-148.347	-149.234	-149.53	-149.234	-148.347	-146.873	-144.817	-142.187	-138.995	-135.252	-130.973	-126.175	-120.877	-115.1	-108.867	-102.203	-95.133	-87.6857	-79.8903	-71.7777	-63.3798	-54.7299	-45.8619	-36.811	-27.6129	-18.3038	-8.92045	0.500043	9.92053	19.3038	28.613	37.8111	46.862	55.7299	64.3799	72.7778	80.8904	88.6857	96.1331	103.203	109.868	116.101	121.877	127.175	131.973	136.252	139.995	143.187	145.817	147.873	149.347	150.234	
199.618	199.225	198.048	196.091	193.363	189.873	185.636	180.668	174.989	168.621	161.59	153.923	145.651	136.806	127.423	117.539	107.193	96.426	85.2804	73.8003	62.0309	50.0187	37.811	25.4561	13.0027	0.499957	-12.0028	-24.4562	-36.8111	-49.0188	-61.031	-72.8004	-84.2805	-95.4261	-106.193	-116.539	-126.423	-135.806	-144.651	-152.923	-160.59	-167.621	-173.989	-179.668	-184.636	-188.873	-192.363	-195.091	-197.048	-198.225	-198.618	-198.225	-197.048	-195.091	-192.363	-188.873	-184.636	-179.668	-173.989	-167.621	-160.59	-152.923	-144.651	-135.806	-126.423	-116.539	-106.193	-95.426	-84.2804	-72.8003	-61.0309	-49.0187	-36.811	-24.4561	-12.0027	0.500042	13.0028	25.4562	37.8111	50.0188	62.031	73.8004	85.2805	96.4261	107.193	117.539	127.423	136.806	145.651	153.923	161.59	168.621	174.989	180.668	185.636	189.873	193.363	196.091	198.048	199.225	
247.92	247.432	245.969	243.538	240.147	235.811	230.546	224.373	217.316	209.404	200.667	191.141	180.862	169.871	158.212	145.93	133.074	119.696	105.846	91.5815	76.9571	62.0309	46.8619	31.51	16.0356	0.499958	-15.0357	-30.51	-45.862	-61.031	-75.9572	-90.5816	-104.847	-118.696	-132.075	-144.93	-157.212	-168.871	-179.862	-190.141	-199.667	-208.404	-216.316	-223.373	-229.546	-234.811	-239.147	-242.538	-244.969	-246.432	-246.92	-246.432	-244.969	-242.538	-239.147	-234.811	-229.546	-223.373	-216.316	-208.404	-199.667	-190.141	-179.862	-168.871	-157.212	-144.93	-132.074	-118.696	-104.846	-90.5815	-75.9571	-61.0309	-45.8619	-30.51	-15.0356	0.500041	16.0357	31.51	46.862	62.031	76.9572	91.5816	105.847	119.696	133.075	145.93	158.212	169.871	180.862	191.141	200.667	209.404	217.316	224.373	230.546	235.811	240.147	243.538	245.969	247.432	
295.246	294.664	292.922	290.025	285.986	280.82	274.548	267.194	258.788	249.362	238.955	227.606	215.361	202.268	188.378	173.747	158.433	142.495	125.997	109.003	91.5815	73.8003	55.7299	37.4414	19.0072	0.499958	-18.0073	-36.4415	-54.7299	-72.8004	-90.5816	-108.003	-124.997	-141.495	-157.433	-172.747	-187.378	-201.268	-214.361	-226.606	-237.955	-248.362	-257.788	-266.194	-273.548	-279.82	-284.986	-289.025	-291.922	-293.664	-294.246	-293.664	-291.922	-289.025	-284.986	-279.82	-273.548	-266.194	-257.788	-248.362	-237.955	-226.606	-214.361	-201.268	-187.378	-172.747	-157.433	-141.495	-124.997	-108.003	-90.5815	-72.8003	-54.7299	-36.4414	-18.0072	0.50004	19.0073	37.4415	55.7299	73.8004	91.5816	109.003	125.997	142.495	158.433	173.747	188.378	202.268	215.361	227.606	238.955	249.362	258.788	267.194	274.548	280.82	285.986	290.025	292.922	294.664	
341.408	340.736	338.72	335.37	330.698	324.723	317.469	308.963	299.24	288.339	276.301	263.174	249.012	233.868	217.803	200.881	183.168	164.734	145.652	125.997	105.846	85.2804	64.3798	43.2271	21.9058	0.499959	-20.9059	-42.2272	-63.3799	-84.2805	-104.847	-124.997	-144.652	-163.734	-182.168	-199.881	-216.803	-232.868	-248.012	-262.175	-275.301	-287.339	-298.24	-307.963	-316.469	-323.723	-329.698	-334.37	-337.72	-339.736	-340.408	-339.736	-337.72	-334.37	-329.698	-323.723	-316.469	-307.963	-298.24	-287.339	-275.301	-262.174	-248.012	-232.868	-216.803	-199.881	-182.168	-163.734	-144.652	-124.997	-104.846	-84.2804	-63.3798	-42.2271	-20.9058	0.500038	21.9059	43.2272	64.3799	85.2805	105.847	125.997	145.652	164.734	183.168	200.881	217.803	233.868	249.012	263.175	276.301	288.339	299.24	308.963	317.469	324.723	330.698	335.37	338.72	340.736	
386.225	385.464	383.184	379.393	374.107	367.347	359.138	349.515	338.514	326.179	312.558	297.707	281.682	264.547	246.371	227.224	207.182	186.325	164.734	142.495	119.696	96.426	72.7777	48.8442	24.7199	0.49996	-23.7199	-47.8443	-71.7778	-95.4261	-118.696	-141.495	-163.734	-185.325	-206.182	-226.224	-245.371	-263.547	-280.682	-296.707	-311.558	-325.179	-337.514	-348.515	-358.138	-366.347	-373.107	-378.393	-382.184	-384.464	-385.225	-384.464	-382.184	-378.393	-373.107	-366.347	-358.138	-348.515	-337.514	-325.179	-311.558	-296.707	-280.682	-263.547	-245.371	-226.224	-206.182	-185.325	-163.734	-141.495	-118.696	-95.426	-71.7777	-47.8442	-23.7199	0.500037	24.7199	48.8443	72.7778	96.4261	119.696	142.495	164.734	186.325	207.182	227.224	246.371	264.547	281.682	297.707	312.558	326.179	338.514	349.515	359.138	367.347	374.107	379.393	383.184	385.464	
429.52	428.674	426.137	421.921	416.042	408.522	399.393	388.689	376.453	362.734	347.585	331.066	313.242	294.184	273.968	252.672	230.38	207.182	183.168	158.433	133.074	107.193	80.8903	54.2704	27.4384	0.499961	-26.4384	-53.2705	-79.8904	-106.193	-132.075	-157.433	-182.168	-206.182	-229.381	-251.672	-272.968	-293.185	-312.242	-330.066	-346.585	-361.734	-375.453	-387.689	-398.393	-407.522	-415.042	-420.921	-425.137	-427.674	-428.52	-427.674	-425.137	-420.921	-415.042	-407.522	-398.393	-387.689	-375.453	-361.734	-346.585	-330.066	-312.242	-293.184	-272.968	-251.672	-229.38	-206.182	-182.168	-157.433	-132.074	-106.193	-79.8903	-53.2704	-26.4384	0.500035	27.4384	54.2705	80.8904	107.193	133.075	158.433	183.168	207.182	230.381	252.672	273.968	294.185	313.242	331.066	347.585	362.734	376.453	388.689	399.393	408.522	416.042	421.921	426.137	428.674	
471.122	470.193	467.411	462.786	456.336	448.088	438.073	426.331	412.909	397.859	381.241	363.12	343.568	322.663	300.486	277.124	252.672	227.224	200.881	173.747	145.93	117.539	88.6857	59.4845	30.0505	0.499963	-29.0506	-58.4846	-87.6857	-116.539	-144.93	-172.747	-199.881	-226.224	-251.672	-276.125	-299.486	-321.663	-342.568	-362.12	-380.241	-396.859	-411.909	-425.331	-437.073	-447.088	-455.336	-461.786	-466.411	-469.193	-470.122	-469.193	-466.411	-461.786	-455.336	-447.088	-437.073	-425.331	-411.909	-396.859	-380.241	-362.12	-342.568	-321.663	-299.486	-276.124	-251.672	-226.224	-199.881	-172.747	-144.93	-116.539	-87.6857	-58.4845	-29.0505	0.500033	30.0506	59.4846	88.6857	117.539	145.93	173.747	200.881	227.224	252.672	277.125	300.486	322.663	343.568	363.12	381.241	397.859	412.909	426.331	438.073	448.088	456.336	462.786	467.411	470.193	
510.866	509.859	506.842	501.826	494.832	485.887	475.026	462.293	447.737	431.416	413.395	393.744	372.541	349.869	325.819	300.486	273.968	246.371	217.803	188.378	158.212	127.423	96.133	64.4658	32.5461	0.499964	-31.5462	-63.4658	-95.1331	-126.423	-157.212	-187.378	-216.803	-245.371	-272.968	-299.486	-324.819	-348.87	-371.541	-392.744	-412.395	-430.416	-446.737	-461.293	-474.026	-484.887	-493.832	-500.826	-505.842	-508.859	-509.866	-508.859	-505.842	-500.826	-493.832	-484.887	-474.026	-461.293	-446.737	-430.416	-412.395	-392.744	-371.541	-348.869	-324.819	-299.486	-272.968	-245.371	-216.803	-187.378	-157.212	-126.423	-95.133	-63.4658	-31.5461	0.500031	32.5462	64.4658	96.1331	127.423	158.212	188.378	217.803	246.371	273.968	300.486	325.819	349.87	372.541	393.744	413.395	431.416	447.737	462.293	475.026	485.887	494.832	501.826	506.842	509.859	
548.596	547.514	544.274	538.888	531.376	521.77	510.107	496.432	480.8	463.273	443.919	422.815	400.045	375.697	349.869	322.663	294.184	264.547	233.868	202.268	169.871	136.806	103.203	69.1946	34.9152	0.499966	-33.9153	-68.1947	-102.203	-135.806	-168.871	-201.268	-232.868	-263.547	-293.185	-321.663	-348.87	-374.698	-399.045	-421.815	-442.919	-462.273	-479.8	-495.432	-509.107	-520.77	-530.377	-537.888	-543.274	-546.514	-547.596	-546.514	-543.274	-537.888	-530.376	-520.77	-509.107	-495.432	-479.8	-462.273	-442.919	-421.815	-399.045	-374.697	-348.869	-321.663	-293.184	-263.547	-232.868	-201.268	-168.871	-135.806	-102.203	-68.1946	-33.9152	0.500029	34.9153	69.1947	103.203	136.806	169.871	202.268	233.868	264.547	294.185	322.663	349.87	375.698	400.045	422.815	443.919	463.273	480.8	496.432	510.107	521.77	531.377	538.888	544.274	547.514	
584.163	583.011	579.561	573.825	565.826	555.596	543.176	528.614	511.968	493.303	472.693	450.22	425.972	400.045	372.541	343.568	313.242	281.682	249.012	215.361	180.862	145.651	109.867	73.6523	37.1485	0.499967	-36.1485	-72.6524	-108.868	-144.651	-179.862	-214.361	-248.012	-280.682	-312.242	-342.568	-371.541	-399.045	-424.972	-449.22	-471.693	-492.303	-510.968	-527.614	-542.176	-554.596	-564.826	-572.825	-578.561	-582.011	-583.163	-582.011	-578.561	-572.825	-564.826	-554.596	-542.176	-527.614	-510.968	-492.303	-471.693	-449.22	-424.972	-399.045	-371.541	-342.568	-312.242	-280.682	-248.012	-214.361	-179.862	-144.651	-108.867	-72.6523	-36.1485	0.500027	37.1485	73.6524	109.868	145.651	180.862	215.361	249.012	281.682	313.242	343.568	372.541	400.045	425.972	450.22	472.693	493.303	511.968	528.614	543.176	555.596	565.826	573.825	579.561	583.011	
617.426	616.209	612.562	606.499	598.045	587.232	574.104	558.712	541.117	521.388	499.604	475.85	450.22	422.815	393.744	363.12	331.066	297.707	263.174	227.606	191.141	153.923	116.1	77.8213	39.2371	0.499969	-38.2372	-76.8214	-115.101	-152.923	-190.141	-226.606	-262.175	-296.707	-330.066	-362.12	-392.744	-421.815	-449.22	-474.85	-498.604	-520.388	-540.117	-557.712	-573.104	-586.232	-597.045	-605.499	-611.562	-615.209	-616.426	-615.209	-611.562	-605.499	-597.045	-586.232	-573.104	-557.712	-540.117	-520.388	-498.604	-474.85	-449.22	-421.815	-392.744	-362.12	-330.066	-296.707	-262.174	-226.606	-190.141	-152.923	-115.1	-76.8214	-38.2371	0.500025	39.2372	77.8214	116.101	153.923	191.141	227.606	263.175	297.707	331.066	363.12	393.744	422.815	450.22	475.85	499.604	521.388	541.117	558.712	574.104	587.232	598.045	606.499	612.562	616.209	
648.255	646.977	643.147	636.782	627.905	616.552	602.768	586.606	568.132	547.418	524.545	499.604	472.693	443.919	413.395	381.241	347.585	312.558	276.301	238.955	200.667	161.59	121.877	81.6852	41.1729	0.499971	-40.1729	-80.6853	-120.877	-160.59	-199.667	-237.955	-275.301	-311.558	-346.585	-380.241	-412.395	-442.919	-471.693	-498.604	-523.545	-546.418	-567.132	-585.606	-601.768	-615.552	-626.905	-635.782	-642.147	-645.977	-647.255	-645.977	-642.147	-635.782	-626.905	-615.552	-601.768	-585.606	-567.132	-546.418	-523.545	-498.604	-471.693	-442.919	-412.395	-380.241	-346.585	-311.558	-275.301	-237.955	-199.667	-160.59	-120.877	-80.6852	-40.1729	0.500022	41.1729	81.6853	121.877	161.59	200.667	238.955	276.301	312.558	347.585	381.241	413.395	443.919	472.693	499.604	524.545	547.418	568.132	586.606	602.768	616.552	627.905	636.782	643.147	646.977	
676.528	675.194	671.197	664.553	655.289	643.44	629.055	612.188	592.907	571.289	547.418	521.388	493.303	463.273	431.416	397.859	362.734	326.179	288.339	249.362	209.404	168.621	127.175	85.2287	42.9481	0.499973	-41.9481	-84.2287	-126.175	-167.621	-208.404	-248.362	-287.339	-325.179	-361.734	-396.859	-430.416	-462.273	-492.303	-520.388	-546.418	-570.289	-591.907	-611.188	-628.055	-642.44	-654.289	-663.553	-670.197	-674.194	-675.528	-674.194	-670.197	-663.553	-654.289	-642.44	-628.055	-611.188	-591.907	-570.289	-546.418	-520.388	-492.303	-462.273	-430.416	-396.859	-361.734	-325.179	-287.339	-248.362	-208.404	-167.621	-126.175	-84.2287	-41.9481	0.50002	42.9481	85.2287	127.175	168.621	209.404	249.362	288.339	326.179	362.734	397.859	431.416	463.273	493.303	521.388	547.418	571.289	592.907	612.188	629.055	643.44	655.289	664.553	671.197	675.194	
702.132	700.747	696.599	689.704	680.089	667.792	652.861	635.356	615.345	592.907	568.132	541.117	511.968	480.8	447.737	412.909	376.453	338.514	299.24	258.788	217.316	174.989	131.973	88.4378	44.5558	0.499975	-43.5559	-87.4378	-130.973	-173.989	-216.316	-257.788	-298.24	-337.514	-375.453	-411.909	-446.737	-479.8	-510.968	-540.117	-567.132	-591.907	-614.345	-634.356	-651.861	-666.792	-679.089	-688.704	-695.599	-699.747	-701.132	-699.747	-695.599	-688.704	-679.089	-666.792	-651.861	-634.356	-614.345	-591.907	-567.132	-540.117	-510.968	-479.8	-446.737	-411.909	-375.453	-337.514	-298.24	-257.788	-216.316	-173.989	-130.973	-87.4378	-43.5558	0.500017	44.5559	88.4378	131.973	174.989	217.316	258.788	299.24	338.514	376.453	412.909	447.737	480.8	511.968	541.117	568.132	592.907	615.345	635.356	652.861	667.792	680.089	689.704	696.599	700.747	
724.967	723.538	719.255	712.135	702.207	689.509	674.093	656.018	635.356	612.188	586.606	558.712	528.614	496.432	462.293	426.331	388.689	349.515	308.963	267.194	224.373	180.668	136.252	91.2998	45.9897	0.499977	-44.9897	-90.2999	-135.252	-179.668	-223.373	-266.194	-307.963	-348.515	-387.689	-425.331	-461.293	-495.432	-527.614	-557.712	-585.606	-611.188	-634.356	-655.018	-673.093	-688.509	-701.207	-711.135	-718.255	-722.538	-723.967	-722.538	-718.255	-711.135	-701.207	-688.509	-673.093	-655.018	-634.356	-611.188	-585.606	-557.712	-527.614	-495.432	-461.293	-425.331	-387.689	-348.515	-307.963	-266.194	-223.373	-179.668	-135.252	-90.2998	-44.9897	0.500014	45.9897	91.2999	136.252	180.668	224.373	267.194	308.963	349.515	388.689	426.331	462.293	496.432	528.614	558.712	586.606	612.188	635.356	656.018	674.093	689.509	702.207	712.135	719.255	723.538	
744.944	743.475	739.073	731.757	721.556	708.508	692.666	674.093	652.861	629.055	602.768	574.104	543.176	510.107	475.026	438.073	399.393	359.138	317.469	274.548	230.546	185.636	139.995	93.8035	47.244	0.499979	-46.244	-92.8035	-138.995	-184.636	-229.546	-273.548	-316.469	-358.138	-398.393	-437.073	-474.026	-509.107	-542.176	-573.104	-601.768	-628.055	-651.861	-673.093	-691.666	-707.508	-720.556	-730.757	-738.073	-742.475	-743.944	-742.475	-738.073	-730.757	-720.556	-707.508	-691.666	-673.093	-651.861	-628.055	-601.768	-573.104	-542.176	-509.107	-474.026	-437.073	-398.393	-358.138	-316.469	-273.548	-229.546	-184.636	-138.995	-92.8035	-46.244	0.500011	47.244	93.8035	139.995	185.636	230.546	274.548	317.469	359.138	399.393	438.073	475.026	510.107	543.176	574.104	602.768	629.055	652.861	674.093	692.666	708.508	721.556	731.757	739.073	743.475	
761.982	760.479	755.977	748.494	738.059	724.712	708.508	689.509	667.792	643.44	616.552	587.232	555.596	521.77	485.887	448.088	408.522	367.347	324.723	280.82	235.811	189.873	143.187	95.939	48.3138	0.499982	-47.3139	-94.939	-142.187	-188.873	-234.811	-279.82	-323.723	-366.347	-407.522	-447.088	-484.887	-520.77	-554.596	-586.232	-615.552	-642.44	-666.792	-688.509	-707.508	-723.712	-737.059	-747.494	-754.977	-759.479	-760.982	-759.479	-754.977	-747.494	-737.059	-723.712	-707.508	-688.509	-666.792	-642.44	-615.552	-586.232	-554.596	-520.77	-484.887	-447.088	-407.522	-366.347	-323.723	-279.82	-234.811	-188.873	-142.187	-94.939	-47.3138	0.500009	48.3139	95.939	143.187	189.873	235.811	280.82	324.723	367.347	408.522	448.088	485.887	521.77	555.596	587.232	616.552	643.44	667.792	689.509	708.508	724.712	738.059	748.494	755.977	760.479	
776.015	774.485	769.9	762.278	751.651	738.059	721.556	702.207	680.089	655.289	627.905	598.045	565.826	531.376	494.832	456.336	416.042	374.107	330.698	285.986	240.147	193.363	145.817	97.6978	49.195	0.499984	-48.195	-96.6978	-144.817	-192.363	-239.147	-284.986	-329.698	-373.107	-415.042	-455.336	-493.832	-530.377	-564.826	-597.045	-626.905	-654.289	-679.089	-701.207	-720.556	-737.059	-750.651	-761.278	-768.9	-773.485	-775.015	-773.485	-768.9	-761.278	-750.651	-737.059	-720.556	-701.207	-679.089	-654.289	-626.905	-597.045	-564.826	-530.376	-493.832	-455.336	-415.042	-373.107	-329.698	-284.986	-239.147	-192.363	-144.817	-96.6978	-48.195	0.500006	49.195	97.6978	145.817	193.363	240.147	285.986	330.698	374.107	416.042	456.336	494.832	531.377	565.826	598.045	627.905	655.289	680.089	702.207	721.556	738.059	751.651	762.278	769.9	774.485	
