-797.04	-795.466	-790.751	-782.913	-771.983	-758.005	-741.034	-721.135	-698.389	-672.885	-644.723	-614.015	-580.881	-545.453	-507.871	-468.282	-426.843	-383.718	-339.076	-293.094	-245.953	-197.84	-148.944	-99.4582	-49.5779	0.499977	50.5779	100.458	149.944	198.84	246.953	294.094	340.076	384.718	427.843	469.282	508.871	546.453	581.881	615.015	645.723	673.885	699.389	722.135	742.034	759.005	772.983	783.913	791.751	796.466	798.04	796.466	791.751	783.913	772.983	759.005	742.034	722.135	699.389	673.885	645.723	615.015	581.881	546.453	508.871	469.282	427.843	384.718	340.076	294.094	246.953	198.84	149.944	100.458	50.5779	0.499977	-49.5779	-99.4582	-148.944	-197.84	-245.953	-293.094	-339.076	-383.718	-426.843	-468.282	-507.871	-545.453	-580.881	-614.015	-644.723	-672.885	-698.389	-721.135	-741.034	-758.005	-771.983	-782.913	-790.751	-795.466	
-795.466	-793.895	-789.189	-781.367	-770.459	-756.509	-739.57	-719.711	-697.01	-671.556	-643.45	-612.802	-579.734	-544.376	-506.868	-467.357	-426	-382.96	-338.406	-292.515	-245.467	-197.449	-148.649	-99.261	-49.4791	0.49996	50.4791	100.261	149.649	198.449	246.467	293.515	339.406	383.959	427	468.357	507.868	545.376	580.734	613.802	644.45	672.556	698.01	720.711	740.57	757.509	771.459	782.367	790.189	794.895	796.466	794.895	790.189	782.367	771.459	757.509	740.57	720.711	698.01	672.556	644.45	613.802	580.734	545.376	507.868	468.357	427	383.959	339.406	293.515	246.467	198.449	149.649	100.261	50.4791	0.499994	-49.4791	-99.261	-148.649	-197.449	-245.467	-292.515	-338.406	-382.959	-426	-467.357	-506.868	-544.376	-579.734	-612.802	-643.45	-671.556	-697.01	-719.711	-739.57	-756.508	-770.459	-781.367	-789.189	-793.895	
-790.751	-789.189	-784.512	-776.736	-765.892	-752.024	-735.186	-715.445	-692.878	-667.575	-639.635	-609.169	-576.297	-541.148	-503.862	-464.586	-423.473	-380.688	-336.398	-290.779	-244.01	-196.276	-147.766	-98.6701	-49.1831	0.499943	50.183	99.67	148.766	197.276	245.01	291.779	337.398	381.688	424.473	465.585	504.862	542.148	577.297	610.169	640.635	668.575	693.878	716.445	736.186	753.024	766.892	777.736	785.512	790.189	791.751	790.189	785.512	777.736	766.892	753.024	736.186	716.445	693.878	668.575	640.635	610.169	577.297	542.148	504.862	465.586	424.473	381.688	337.398	291.779	245.01	197.276	148.766	99.67	50.1831	0.500012	-49.183	-98.67	-147.766	-196.276	-244.01	-290.779	-336.398	-380.688	-423.473	-464.586	-503.862	-541.148	-576.297	-609.169	-639.635	-667.575	-692.878	-715.445	-735.186	-752.024	-765.892	-776.736	-784.512	-789.189	
-782.913	-781.367	-776.736	-769.037	-758.301	-744.57	-727.899	-708.353	-686.01	-660.957	-633.294	-603.13	-570.584	-535.783	-498.866	-459.979	-419.274	-376.912	-333.061	-287.894	-241.588	-194.327	-146.297	-97.6878	-48.691	0.499926	49.6908	98.6876	147.297	195.327	242.588	288.893	334.061	377.912	420.274	460.979	499.866	536.783	571.583	604.13	634.294	661.957	687.01	709.353	728.899	745.57	759.301	770.037	777.736	782.367	783.913	782.367	777.736	770.037	759.301	745.57	728.899	709.353	687.01	661.957	634.294	604.13	571.584	536.783	499.866	460.979	420.274	377.912	334.061	288.894	242.588	195.327	147.297	98.6877	49.6909	0.500029	-48.6909	-97.6877	-146.297	-194.327	-241.588	-287.894	-333.061	-376.912	-419.274	-459.979	-498.866	-535.783	-570.583	-603.13	-633.294	-660.957	-686.01	-708.353	-727.899	-744.57	-758.301	-769.037	-776.736	-781.367	
-771.983	-770.459	-765.892	-758.301	-747.714	-734.175	-717.737	-698.464	-676.432	-651.729	-624.452	-594.709	-562.616	-528.301	-491.9	-453.554	-413.417	-371.647	-328.408	-283.87	-238.211	-191.609	-144.249	-96.3179	-48.0047	0.499909	49.0045	97.3178	145.249	192.609	239.21	284.87	329.407	372.647	414.417	454.554	492.899	529.301	563.616	595.709	625.452	652.729	677.432	699.464	718.737	735.175	748.714	759.301	766.892	771.459	772.983	771.459	766.892	759.301	748.714	735.175	718.737	699.464	677.432	652.729	625.452	595.709	563.616	529.301	492.9	454.554	414.417	372.647	329.407	284.87	239.211	192.609	145.249	97.3179	49.0047	0.500046	-48.0046	-96.3178	-144.249	-191.609	-238.21	-283.87	-328.407	-371.647	-413.417	-453.554	-491.899	-528.301	-562.616	-594.709	-624.452	-651.729	-676.432	-698.464	-717.737	-734.175	-747.714	-758.301	-765.892	-770.459	
-758.005	-756.509	-752.024	-744.57	-734.175	-720.881	-704.74	-685.816	-664.183	-639.927	-613.144	-583.938	-552.427	-518.733	-482.99	-445.338	-405.928	-364.913	-322.456	-278.725	-233.891	-188.133	-141.63	-94.566	-47.127	0.499893	48.1268	95.5658	142.63	189.132	234.891	279.724	323.456	365.913	406.927	446.338	483.989	519.733	553.426	584.938	614.144	640.927	665.183	686.816	705.74	721.881	735.175	745.57	753.024	757.509	759.005	757.509	753.024	745.57	735.175	721.881	705.74	686.816	665.183	640.927	614.144	584.938	553.427	519.733	483.989	446.338	406.927	365.913	323.456	279.724	234.891	189.133	142.63	95.566	48.127	0.500063	-47.1269	-94.5659	-141.63	-188.133	-233.891	-278.724	-322.456	-364.913	-405.927	-445.338	-482.989	-518.733	-552.426	-583.938	-613.144	-639.927	-664.183	-685.816	-704.74	-720.881	-734.175	-744.57	-752.024	-756.508	
-741.034	-739.57	-735.186	-727.899	-717.737	-704.74	-688.961	-670.46	-649.311	-625.598	-599.413	-570.862	-540.055	-507.115	-472.171	-435.363	-396.834	-356.737	-315.23	-272.477	-228.647	-183.912	-138.45	-92.4389	-46.0614	0.499877	47.0612	93.4387	139.449	184.912	229.646	273.477	316.23	357.736	397.833	436.362	473.171	508.115	541.055	571.861	600.413	626.597	650.311	671.46	689.96	705.74	718.737	728.899	736.186	740.57	742.034	740.57	736.186	728.899	718.737	705.74	689.961	671.46	650.311	626.598	600.413	571.862	541.055	508.115	473.171	436.363	397.834	357.737	316.23	273.477	229.647	184.912	139.45	93.4389	47.0614	0.50008	-46.0612	-92.4387	-138.449	-183.912	-228.646	-272.477	-315.23	-356.736	-396.833	-435.362	-472.171	-507.115	-540.055	-570.861	-599.413	-625.597	-649.311	-670.46	-688.96	-704.74	-717.737	-727.899	-735.186	-739.57	
-721.135	-719.711	-715.445	-708.353	-698.464	-685.816	-670.46	-652.455	-631.874	-608.797	-583.315	-555.53	-525.55	-493.494	-459.488	-423.667	-386.172	-347.151	-306.758	-265.152	-222.498	-178.964	-134.721	-89.945	-44.812	0.499862	45.8117	90.9448	135.721	179.963	223.497	266.152	307.757	348.15	387.171	424.667	460.488	494.493	526.549	556.53	584.315	609.797	632.874	653.455	671.46	686.816	699.464	709.353	716.445	720.711	722.135	720.711	716.445	709.353	699.464	686.816	671.46	653.455	632.874	609.797	584.315	556.53	526.55	494.494	460.488	424.667	387.172	348.151	307.758	266.152	223.498	179.964	135.721	90.945	45.812	0.500096	-44.8118	-89.9448	-134.721	-178.963	-222.498	-265.152	-306.757	-347.15	-386.172	-423.667	-459.488	-493.493	-525.55	-555.53	-583.315	-608.797	-631.874	-652.455	-670.46	-685.816	-698.464	-708.353	-715.445	-719.711	
-698.389	-697.01	-692.878	-686.01	-676.432	-664.183	-649.311	-631.874	-611.941	-589.592	-564.913	-538.004	-508.968	-477.923	-444.989	-410.297	-373.984	-336.193	-297.073	-256.778	-215.469	-173.307	-130.459	-87.0942	-43.3838	0.499847	44.3835	88.0939	131.459	174.307	216.469	257.778	298.072	337.192	374.983	411.297	445.989	478.923	509.968	539.003	565.913	590.592	612.941	632.874	650.311	665.183	677.432	687.01	693.878	698.01	699.389	698.01	693.878	687.01	677.432	665.183	650.311	632.874	612.941	590.592	565.913	539.004	509.968	478.923	445.989	411.297	374.984	337.193	298.073	257.778	216.469	174.307	131.459	88.0942	44.3837	0.500112	-43.3835	-87.0939	-130.459	-173.307	-215.469	-256.778	-297.072	-336.192	-373.984	-410.297	-444.989	-477.923	-508.968	-538.003	-564.913	-589.592	-611.941	-631.874	-649.311	-664.183	-676.432	-686.01	-692.878	-697.01	
-672.885	-671.556	-667.575	-660.957	-651.729	-639.927	-625.598	-608.797	-589.592	-568.058	-544.28	-518.352	-490.377	-460.464	-428.732	-395.306	-360.318	-323.906	-286.214	-247.39	-207.588	-166.964	-125.68	-83.8977	-41.7824	0.499833	42.782	84.8973	126.68	167.964	208.587	248.389	287.213	324.906	361.318	396.306	429.732	461.464	491.376	519.352	545.28	569.058	590.592	609.797	626.597	640.927	652.729	661.957	668.575	672.556	673.885	672.556	668.575	661.958	652.729	640.927	626.598	609.797	590.592	569.058	545.28	519.352	491.377	461.464	429.732	396.306	361.318	324.906	287.213	248.39	208.588	167.964	126.68	84.8976	42.7823	0.500128	-41.7821	-83.8974	-125.68	-166.964	-207.587	-247.389	-286.213	-323.906	-360.318	-395.306	-428.732	-460.464	-490.376	-518.352	-544.28	-568.058	-589.592	-608.797	-625.597	-639.927	-651.729	-660.957	-667.575	-671.556	
-644.723	-643.45	-639.635	-633.294	-624.452	-613.144	-599.413	-583.315	-564.913	-544.28	-521.497	-496.653	-469.848	-441.186	-410.781	-378.753	-345.228	-310.339	-274.223	-237.023	-198.885	-159.961	-120.403	-80.3681	-40.0141	0.499819	41.0137	81.3677	121.403	160.96	199.885	238.022	275.222	311.338	346.228	379.752	411.781	442.185	470.847	497.653	522.496	545.28	565.913	584.315	600.413	614.144	625.452	634.294	640.635	644.45	645.723	644.45	640.635	634.294	625.452	614.144	600.413	584.315	565.913	545.28	522.497	497.653	470.848	442.186	411.781	379.753	346.228	311.339	275.223	238.023	199.885	160.961	121.403	81.368	41.014	0.500143	-40.0138	-80.3678	-120.403	-159.96	-198.885	-237.022	-274.223	-310.338	-345.228	-378.752	-410.781	-441.185	-469.847	-496.653	-521.496	-544.28	-564.913	-583.315	-599.413	-613.144	-624.452	-633.294	-639.635	-643.45	
-614.015	-612.802	-609.169	-603.13	-594.709	-583.938	-570.861	-555.53	-538.004	-518.352	-496.653	-472.992	-447.462	-420.164	-391.207	-360.703	-328.774	-295.545	-261.148	-225.718	-189.396	-152.324	-114.649	-76.5193	-38.0859	0.499806	39.0855	77.5189	115.648	153.323	190.395	226.718	262.148	296.545	329.773	361.703	392.206	421.164	448.462	473.992	497.653	519.352	539.003	556.53	571.861	584.938	595.709	604.13	610.169	613.802	615.015	613.802	610.169	604.13	595.709	584.938	571.862	556.53	539.004	519.352	497.653	473.992	448.462	421.164	392.207	361.703	329.774	296.545	262.148	226.718	190.396	153.324	115.649	77.5193	39.0859	0.500157	-38.0855	-76.519	-114.648	-152.323	-189.395	-225.718	-261.148	-295.545	-328.773	-360.703	-391.206	-420.164	-447.462	-472.992	-496.653	-518.352	-538.003	-555.53	-570.861	-583.938	-594.709	-603.13	-609.169	-612.802	
-580.881	-579.734	-576.297	-570.584	-562.616	-552.427	-540.055	-525.55	-508.968	-490.377	-469.848	-447.462	-423.309	-397.483	-370.087	-341.228	-311.02	-279.583	-247.04	-213.521	-179.157	-144.084	-108.44	-72.3666	-36.0054	0.499794	37.005	73.3662	109.44	145.083	180.157	214.521	248.04	280.582	312.02	342.227	371.086	398.483	424.309	448.462	470.847	491.376	509.968	526.55	541.055	553.426	563.616	571.583	577.297	580.734	581.881	580.734	577.297	571.584	563.616	553.427	541.055	526.55	509.968	491.377	470.848	448.462	424.309	398.483	371.087	342.228	312.02	280.583	248.04	214.521	180.157	145.084	109.44	73.3666	37.0054	0.500171	-36.0051	-72.3662	-108.44	-144.083	-179.157	-213.521	-247.04	-279.582	-311.02	-341.227	-370.086	-397.483	-423.309	-447.462	-469.847	-490.376	-508.968	-525.549	-540.055	-552.426	-562.616	-570.583	-576.297	-579.734	
-545.453	-544.376	-541.148	-535.783	-528.301	-518.733	-507.115	-493.494	-477.923	-460.464	-441.186	-420.164	-397.483	-373.231	-347.504	-320.404	-292.037	-262.515	-231.956	-200.479	-168.209	-135.273	-101.802	-67.9263	-33.7809	0.499783	34.7805	68.9259	102.801	136.273	169.209	201.479	232.955	263.515	293.036	321.403	348.504	374.231	398.483	421.164	442.185	461.464	478.923	494.493	508.115	519.733	529.301	536.783	542.148	545.376	546.453	545.376	542.148	536.783	529.301	519.733	508.115	494.494	478.923	461.464	442.186	421.164	398.483	374.231	348.504	321.404	293.037	263.515	232.956	201.479	169.209	136.273	102.802	68.9263	34.7809	0.500184	-33.7805	-67.9259	-101.801	-135.273	-168.209	-200.479	-231.955	-262.515	-292.036	-320.403	-347.504	-373.231	-397.483	-420.164	-441.185	-460.464	-477.923	-493.493	-507.115	-518.732	-528.301	-535.783	-541.148	-544.376	
-507.871	-506.868	-503.862	-498.866	-491.9	-482.989	-472.171	-459.488	-444.989	-428.732	-410.781	-391.207	-370.087	-347.504	-323.548	-298.313	-271.899	-244.41	-215.954	-186.644	-156.595	-125.927	-94.7594	-63.216	-31.4211	0.499772	32.4206	64.2155	95.759	126.926	157.595	187.644	216.954	245.409	272.899	299.313	324.548	348.504	371.086	392.206	411.781	429.732	445.989	460.488	473.171	483.989	492.899	499.866	504.862	507.868	508.871	507.868	504.862	499.866	492.9	483.99	473.171	460.488	445.989	429.732	411.781	392.207	371.087	348.504	324.548	299.313	272.899	245.41	216.954	187.644	157.595	126.927	95.7594	64.216	32.4211	0.500196	-31.4207	-63.2156	-94.759	-125.927	-156.595	-186.644	-215.954	-244.409	-271.899	-298.313	-323.548	-347.504	-370.086	-391.206	-410.781	-428.732	-444.989	-459.488	-472.171	-482.989	-491.899	-498.866	-503.862	-506.868	
-468.282	-467.357	-464.586	-459.979	-453.554	-445.338	-435.363	-423.667	-410.297	-395.306	-378.753	-360.703	-341.228	-320.404	-298.313	-275.043	-250.686	-225.338	-199.098	-172.07	-144.362	-116.082	-87.3412	-58.2542	-28.9353	0.499762	29.9348	59.2537	88.3408	117.081	145.361	173.07	200.097	226.337	251.686	276.043	299.313	321.403	342.227	361.703	379.752	396.306	411.297	424.667	436.362	446.338	454.554	460.979	465.586	468.357	469.282	468.357	465.586	460.979	454.554	446.338	436.363	424.667	411.297	396.306	379.753	361.703	342.228	321.404	299.313	276.043	251.686	226.338	200.098	173.07	145.362	117.082	88.3412	59.2542	29.9353	0.500208	-28.9349	-58.2538	-87.3408	-116.081	-144.361	-172.07	-199.097	-225.337	-250.686	-275.043	-298.313	-320.403	-341.227	-360.703	-378.752	-395.306	-410.297	-423.667	-435.362	-445.338	-453.554	-459.979	-464.585	-467.357	
-426.843	-426	-423.473	-419.274	-413.417	-405.927	-396.834	-386.172	-373.984	-360.318	-345.228	-328.774	-311.02	-292.037	-271.899	-250.686	-228.482	-205.374	-181.454	-156.816	-131.557	-105.776	-79.5764	-53.0605	-26.3333	0.499753	27.3328	54.06	80.5759	106.776	132.556	157.815	182.454	206.374	229.482	251.686	272.899	293.036	312.02	329.773	346.228	361.318	374.984	387.172	397.833	406.927	414.417	420.274	424.473	427	427.843	427	424.473	420.274	414.417	406.928	397.834	387.172	374.984	361.318	346.228	329.774	312.02	293.037	272.899	251.686	229.482	206.374	182.454	157.816	132.556	106.776	80.5763	54.0605	27.3333	0.500218	-26.3329	-53.0601	-79.5759	-105.776	-131.556	-156.815	-181.454	-205.374	-228.482	-250.686	-271.899	-292.036	-311.02	-328.773	-345.228	-360.318	-373.983	-386.171	-396.833	-405.927	-413.417	-419.274	-423.473	-426	
-383.718	-382.959	-380.688	-376.912	-371.647	-364.913	-356.737	-347.151	-336.193	-323.906	-310.339	-295.545	-279.583	-262.515	-244.41	-225.338	-205.374	-184.598	-163.092	-140.94	-118.23	-95.0513	-71.4955	-47.6555	-23.6255	0.499745	24.625	48.655	72.495	96.0508	119.23	141.94	164.092	185.598	206.374	226.337	245.409	263.515	280.582	296.545	311.338	324.906	337.192	348.15	357.736	365.913	372.647	377.912	381.688	383.959	384.718	383.96	381.688	377.912	372.647	365.913	357.737	348.151	337.193	324.906	311.339	296.545	280.583	263.515	245.41	226.338	206.374	185.598	164.092	141.94	119.23	96.0513	72.4954	48.6555	24.6255	0.500228	-23.625	-47.655	-71.495	-95.0508	-118.23	-140.94	-163.092	-184.598	-205.374	-225.337	-244.409	-262.515	-279.582	-295.545	-310.338	-323.906	-336.192	-347.15	-356.736	-364.913	-371.647	-376.912	-380.688	-382.959	
-339.076	-338.406	-336.398	-333.061	-328.407	-322.456	-315.23	-306.758	-297.073	-286.213	-274.223	-261.148	-247.04	-231.956	-215.954	-199.098	-181.454	-163.092	-144.085	-124.506	-104.435	-83.9493	-63.1304	-42.0604	-20.8224	0.499738	21.8219	43.0599	64.1299	84.9488	105.434	125.506	145.084	164.092	182.454	200.097	216.954	232.955	248.04	262.148	275.222	287.213	298.072	307.757	316.23	323.456	329.407	334.061	337.398	339.406	340.076	339.406	337.398	334.061	329.408	323.456	316.23	307.758	298.073	287.214	275.223	262.148	248.04	232.956	216.954	200.098	182.454	164.092	145.085	125.506	105.435	84.9493	64.1304	43.0604	21.8224	0.500236	-20.8219	-42.0599	-63.1299	-83.9488	-104.434	-124.506	-144.084	-163.092	-181.454	-199.097	-215.954	-231.955	-247.04	-261.148	-274.222	-286.213	-297.072	-306.757	-315.23	-322.456	-328.407	-333.061	-336.398	-338.406	
-293.094	-292.515	-290.779	-287.894	-283.87	-278.724	-272.477	-265.152	-256.778	-247.39	-237.023	-225.718	-213.521	-200.479	-186.644	-172.07	-156.816	-140.94	-124.506	-107.579	-90.2258	-72.5141	-54.5143	-36.2973	-17.9352	0.499731	18.9346	37.2968	55.5138	73.5136	91.2253	108.579	125.506	141.94	157.815	173.07	187.644	201.479	214.521	226.718	238.022	248.389	257.778	266.152	273.477	279.724	284.87	288.894	291.779	293.515	294.094	293.515	291.779	288.894	284.87	279.725	273.477	266.152	257.778	248.39	238.023	226.718	214.521	201.479	187.644	173.07	157.816	141.94	125.506	108.579	91.2257	73.5141	55.5143	37.2973	18.9352	0.500244	-17.9347	-36.2968	-54.5138	-72.5136	-90.2253	-107.579	-124.506	-140.94	-156.815	-172.07	-186.644	-200.479	-213.521	-225.718	-237.022	-247.389	-256.778	-265.152	-272.477	-278.724	-283.87	-287.893	-290.779	-292.515	
-245.953	-245.467	-244.01	-241.588	-238.211	-233.891	-228.647	-222.498	-215.469	-207.588	-198.885	-189.396	-179.157	-168.209	-156.595	-144.362	-131.557	-118.23	-104.435	-90.2258	-75.6585	-60.7907	-45.681	-30.3891	-14.9752	0.499726	15.9747	31.3885	46.6805	61.7902	76.658	91.2253	105.434	119.23	132.556	145.361	157.595	169.209	180.157	190.395	199.885	208.587	216.469	223.498	229.646	234.891	239.21	242.588	245.01	246.467	246.953	246.467	245.01	242.588	239.211	234.891	229.647	223.498	216.469	208.588	199.885	190.396	180.157	169.209	157.595	145.362	132.556	119.23	105.435	91.2257	76.6585	61.7907	46.681	31.389	15.9752	0.50025	-14.9747	-30.3885	-45.6805	-60.7902	-75.658	-90.2253	-104.434	-118.23	-131.556	-144.361	-156.595	-168.209	-179.157	-189.395	-198.885	-207.587	-215.469	-222.497	-228.646	-233.891	-238.21	-241.588	-244.01	-245.467	
-197.84	-197.449	-196.276	-194.327	-191.609	-188.133	-183.912	-178.964	-173.307	-166.964	-159.961	-152.324	-144.084	-135.273	-125.927	-116.082	-105.776	-95.0513	-83.9493	-72.5141	-60.7907	-48.8254	-36.6655	-24.3589	-11.9542	0.499722	12.9536	25.3583	37.6649	49.8249	61.7902	73.5136	84.9488	96.0508	106.776	117.081	126.926	136.273	145.083	153.323	160.96	167.964	174.307	179.963	184.912	189.133	192.609	195.327	197.276	198.449	198.84	198.449	197.276	195.327	192.609	189.133	184.912	179.964	174.307	167.964	160.961	153.324	145.084	136.273	126.927	117.082	106.776	96.0513	84.9493	73.5141	61.7907	49.8254	37.6655	25.3589	12.9541	0.500255	-11.9536	-24.3583	-36.665	-48.8249	-60.7902	-72.5136	-83.9488	-95.0508	-105.776	-116.081	-125.926	-135.273	-144.083	-152.323	-159.96	-166.964	-173.307	-178.963	-183.912	-188.132	-191.609	-194.327	-196.276	-197.449	
-148.944	-148.649	-147.766	-146.297	-144.249	-141.63	-138.45	-134.721	-130.459	-125.68	-120.403	-114.649	-108.44	-101.802	-94.7594	-87.3412	-79.5763	-71.4954	-63.1304	-54.5143	-45.681	-36.6655	-27.5033	-18.2306	-8.88395	0.499718	9.88339	19.23	28.5027	37.6649	46.6805	55.5138	64.1299	72.495	80.5759	88.3408	95.759	102.801	109.44	115.648	121.403	126.68	131.459	135.721	139.449	142.63	145.249	147.297	148.766	149.649	149.944	149.649	148.766	147.297	145.249	142.63	139.45	135.721	131.459	126.68	121.403	115.649	109.44	102.802	95.7594	88.3412	80.5763	72.4954	64.1304	55.5143	46.681	37.6655	28.5033	19.2306	9.88393	0.500259	-8.88341	-18.23	-27.5028	-36.665	-45.6805	-54.5138	-63.1299	-71.495	-79.5759	-87.3408	-94.759	-101.801	-108.44	-114.648	-120.403	-125.68	-130.459	-134.721	-138.449	-141.63	-144.249	-146.297	-147.766	-148.649	
-99.4582	-99.261	-98.67	-97.6877	-96.3179	-94.566	-92.4389	-89.945	-87.0942	-83.8976	-80.368	-76.5193	-72.3666	-67.9263	-63.216	-58.2542	-53.0605	-47.6555	-42.0604	-36.2973	-30.3891	-24.3589	-18.2306	-12.0284	-5.77671	0.499716	6.77614	13.0278	19.23	25.3583	31.3885	37.2968	43.0599	48.655	54.0601	59.2537	64.2156	68.9259	73.3662	77.519	81.3677	84.8974	88.0939	90.9448	93.4387	95.5659	97.3178	98.6877	99.67	100.261	100.458	100.261	99.6701	98.6878	97.3179	95.566	93.4389	90.945	88.0942	84.8977	81.3681	77.5193	73.3666	68.9263	64.216	59.2542	54.0605	48.6555	43.0604	37.2973	31.389	25.3589	19.2306	13.0283	6.77669	0.500262	-5.77617	-12.0278	-18.23	-24.3583	-30.3885	-36.2968	-42.0599	-47.655	-53.0601	-58.2537	-63.2156	-67.9259	-72.3662	-76.5189	-80.3677	-83.8974	-87.0939	-89.9448	-92.4387	-94.5658	-96.3178	-97.6876	-98.67	-99.2609	
-49.5779	-49.4791	-49.1831	-48.6909	-48.0047	-47.127	-46.0614	-44.812	-43.3837	-41.7823	-40.014	-38.0859	-36.0054	-33.7809	-31.4211	-28.9353	-26.3333	-23.6255	-20.8224	-17.9352	-14.9752	-11.9541	-8.88395	-5.77671	-2.6447	0.499714	3.64413	6.77615	9.88339	12.9536	15.9747	18.9347	21.8219	24.625	27.3329	29.9348	32.4207	34.7805	37.0051	39.0855	41.0137	42.7821	44.3835	45.8118	47.0612	48.1269	49.0046	49.6909	50.183	50.4791	50.5779	50.4791	50.1831	49.691	49.0047	48.127	47.0614	45.812	44.3838	42.7824	41.0141	39.0859	37.0054	34.7809	32.4211	29.9353	27.3333	24.6255	21.8224	18.9352	15.9752	12.9541	9.88393	6.77669	3.64468	0.500264	-2.64416	-5.77617	-8.88341	-11.9536	-14.9747	-17.9347	-20.8219	-23.625	-26.3329	-28.9348	-31.4207	-33.7805	-36.005	-38.0855	-40.0137	-41.782	-43.3835	-44.8117	-46.0612	-47.1268	-48.0045	-48.6908	-49.183	-49.4791	
0.500023	0.500006	0.499988	0.499971	0.499953	0.499935	0.499918	0.4999	0.499883	0.499867	0.49985	0.499835	0.499819	0.499805	0.499791	0.499779	0.499767	0.499756	0.499746	0.499738	0.499731	0.499725	0.49972	0.499716	0.499714	0.499714	0.499714	0.499716	0.49972	0.499725	0.499731	0.499738	0.499746	0.499756	0.499767	0.499779	0.499791	0.499805	0.499819	0.499835	0.49985	0.499867	0.499883	0.4999	0.499918	0.499935	0.499953	0.499971	0.499988	0.500006	0.500023	0.50004	0.500057	0.500073	0.500089	0.500104	0.500119	0.500133	0.500147	0.50016	0.500172	0.500184	0.500195	0.500205	0.500215	0.500223	0.500231	0.500238	0.500244	0.50025	0.500254	0.500258	0.500261	0.500263	0.500264	0.500265	0.500264	0.500263	0.500261	0.500258	0.500254	0.50025	0.500244	0.500238	0.500231	0.500223	0.500215	0.500205	0.500195	0.500184	0.500172	0.50016	0.500147	0.500133	0.500119	0.500104	0.500089	0.500073	0.500057	0.50004	
50.5779	50.4791	50.183	49.6909	49.0046	48.1269	47.0612	45.8118	44.3835	42.7821	41.0137	39.0855	37.0051	34.7805	32.4207	29.9348	27.3329	24.625	21.8219	18.9347	15.9747	12.9536	9.88339	6.77615	3.64413	0.499714	-2.6447	-5.77671	-8.88395	-11.9541	-14.9752	-17.9352	-20.8224	-23.6255	-26.3333	-28.9353	-31.4211	-33.7809	-36.0054	-38.0859	-40.014	-41.7823	-43.3837	-44.812	-46.0614	-47.127	-48.0047	-48.6909	-49.1831	-49.4791	-49.5779	-49.4791	-49.183	-48.6908	-48.0045	-47.1268	-46.0612	-44.8117	-43.3835	-41.782	-40.0137	-38.0855	-36.005	-33.7805	-31.4207	-28.9348	-26.3329	-23.625	-20.8219	-17.9347	-14.9747	-11.9536	-8.88341	-5.77617	-2.64416	0.500264	3.64468	6.77669	9.88393	12.9541	15.9752	18.9352	21.8224	24.6255	27.3333	29.9353	32.4211	34.7809	37.0054	39.0859	41.0141	42.7824	44.3838	45.812	47.0614	48.127	49.0047	49.691	50.1831	50.4791	
100.458	100.261	99.67	98.6877	97.3178	95.5659	93.4387	90.9448	88.0939	84.8974	81.3677	77.519	73.3662	68.9259	64.2156	59.2537	54.0601	48.655	43.0599	37.2968	31.3885	25.3583	19.23	13.0278	6.77614	0.499716	-5.77671	-12.0284	-18.2306	-24.3589	-30.3891	-36.2973	-42.0604	-47.6555	-53.0605	-58.2542	-63.216	-67.9263	-72.3666	-76.5193	-80.368	-83.8976	-87.0942	-89.945	-92.4389	-94.566	-96.3179	-97.6877	-98.67	-99.261	-99.4582	-99.2609	-98.67	-97.6876	-96.3178	-94.5658	-92.4387	-89.9448	-87.0939	-83.8974	-80.3677	-76.5189	-72.3662	-67.9259	-63.2156	-58.2537	-53.0601	-47.655	-42.0599	-36.2968	-30.3885	-24.3583	-18.23	-12.0278	-5.77617	0.500262	6.77669	13.0283	19.2306	25.3589	31.389	37.2973	43.0604	48.6555	54.0605	59.2542	64.216	68.9263	73.3666	77.5193	81.3681	84.8977	88.0942	90.945	93.4389	95.566	97.3179	98.6878	99.6701	100.261	
149.944	149.649	148.766	147.297	145.249	142.63	139.449	135.721	131.459	126.68	121.403	115.648	109.44	102.801	95.759	88.3408	80.5759	72.495	64.1299	55.5138	46.6805	37.6649	28.5027	19.23	9.88339	0.499718	-8.88395	-18.2306	-27.5033	-36.6655	-45.681	-54.5143	-63.1304	-71.4954	-79.5763	-87.3412	-94.7594	-101.802	-108.44	-114.649	-120.403	-125.68	-130.459	-134.721	-138.45	-141.63	-144.249	-146.297	-147.766	-148.649	-148.944	-148.649	-147.766	-146.297	-144.249	-141.63	-138.449	-134.721	-130.459	-125.68	-120.403	-114.648	-108.44	-101.801	-94.759	-87.3408	-79.5759	-71.495	-63.1299	-54.5138	-45.6805	-36.665	-27.5028	-18.23	-8.88341	0.500259	9.88393	19.2306	28.5033	37.6655	46.681	55.5143	64.1304	72.4954	80.5763	88.3412	95.7594	102.802	109.44	115.649	121.403	126.68	131.459	135.721	139.45	142.63	145.249	147.297	148.766	149.649	
198.84	198.449	197.276	195.327	192.609	189.133	184.912	179.963	174.307	167.964	160.96	153.323	145.083	136.273	126.926	117.081	106.776	96.0508	84.9488	73.5136	61.7902	49.8249	37.6649	25.3583	12.9536	0.499722	-11.9542	-24.3589	-36.6655	-48.8254	-60.7907	-72.5141	-83.9493	-95.0513	-105.776	-116.082	-125.927	-135.273	-144.084	-152.324	-159.961	-166.964	-173.307	-178.964	-183.912	-188.133	-191.609	-194.327	-196.276	-197.449	-197.84	-197.449	-196.276	-194.327	-191.609	-188.132	-183.912	-178.963	-173.307	-166.964	-159.96	-152.323	-144.083	-135.273	-125.926	-116.081	-105.776	-95.0508	-83.9488	-72.5136	-60.7902	-48.8249	-36.665	-24.3583	-11.9536	0.500255	12.9541	25.3589	37.6655	49.8254	61.7907	73.5141	84.9493	96.0513	106.776	117.082	126.927	136.273	145.084	153.324	160.961	167.964	174.307	179.964	184.912	189.133	192.609	195.327	197.276	198.449	
246.953	246.467	245.01	242.588	239.21	234.891	229.646	223.498	216.469	208.587	199.885	190.395	180.157	169.209	157.595	145.361	132.556	119.23	105.434	91.2253	76.658	61.7902	46.6805	31.3885	15.9747	0.499726	-14.9752	-30.3891	-45.681	-60.7907	-75.6585	-90.2258	-104.435	-118.23	-131.557	-144.362	-156.595	-168.209	-179.157	-189.396	-198.885	-207.588	-215.469	-222.498	-228.647	-233.891	-238.211	-241.588	-244.01	-245.467	-245.953	-245.467	-244.01	-241.588	-238.21	-233.891	-228.646	-222.497	-215.469	-207.587	-198.885	-189.395	-179.157	-168.209	-156.595	-144.361	-131.556	-118.23	-104.434	-90.2253	-75.658	-60.7902	-45.6805	-30.3885	-14.9747	0.50025	15.9752	31.389	46.681	61.7907	76.6585	91.2257	105.435	119.23	132.556	145.362	157.595	169.209	180.157	190.396	199.885	208.588	216.469	223.498	229.647	234.891	239.211	242.588	245.01	246.467	
294.094	293.515	291.779	288.894	284.87	279.724	273.477	266.152	257.778	248.389	238.022	226.718	214.521	201.479	187.644	173.07	157.815	141.94	125.506	108.579	91.2253	73.5136	55.5138	37.2968	18.9346	0.499731	-17.9352	-36.2973	-54.5143	-72.5141	-90.2258	-107.579	-124.506	-140.94	-156.816	-172.07	-186.644	-200.479	-213.521	-225.718	-237.023	-247.39	-256.778	-265.152	-272.477	-278.724	-283.87	-287.894	-290.779	-292.515	-293.094	-292.515	-290.779	-287.893	-283.87	-278.724	-272.477	-265.152	-256.778	-247.389	-237.022	-225.718	-213.521	-200.479	-186.644	-172.07	-156.815	-140.94	-124.506	-107.579	-90.2253	-72.5136	-54.5138	-36.2968	-17.9347	0.500244	18.9352	37.2973	55.5143	73.5141	91.2257	108.579	125.506	141.94	157.816	173.07	187.644	201.479	214.521	226.718	238.023	248.39	257.778	266.152	273.477	279.725	284.87	288.894	291.779	293.515	
340.076	339.406	337.398	334.061	329.407	323.456	316.23	307.757	298.072	287.213	275.222	262.148	248.04	232.955	216.954	200.097	182.454	164.092	145.084	125.506	105.434	84.9488	64.1299	43.0599	21.8219	0.499738	-20.8224	-42.0604	-63.1304	-83.9493	-104.435	-124.506	-144.085	-163.092	-181.454	-199.098	-215.954	-231.956	-247.04	-261.148	-274.223	-286.213	-297.073	-306.758	-315.23	-322.456	-328.407	-333.061	-336.398	-338.406	-339.076	-338.406	-336.398	-333.061	-328.407	-322.456	-315.23	-306.757	-297.072	-286.213	-274.222	-261.148	-247.04	-231.955	-215.954	-199.097	-181.454	-163.092	-144.084	-124.506	-104.434	-83.9488	-63.1299	-42.0599	-20.8219	0.500236	21.8224	43.0604	64.1304	84.9493	105.435	125.506	145.085	164.092	182.454	200.098	216.954	232.956	248.04	262.148	275.223	287.214	298.073	307.758	316.23	323.456	329.408	334.061	337.398	339.406	
384.718	383.959	381.688	377.912	372.647	365.913	357.736	348.15	337.192	324.906	311.338	296.545	280.582	263.515	245.409	226.337	206.374	185.598	164.092	141.94	119.23	96.0508	72.495	48.655	24.625	0.499745	-23.6255	-47.6555	-71.4955	-95.0513	-118.23	-140.94	-163.092	-184.598	-205.374	-225.338	-244.41	-262.515	-279.583	-295.545	-310.339	-323.906	-336.193	-347.151	-356.737	-364.913	-371.647	-376.912	-380.688	-382.959	-383.718	-382.959	-380.688	-376.912	-371.647	-364.913	-356.736	-347.15	-336.192	-323.906	-310.338	-295.545	-279.582	-262.515	-244.409	-225.337	-205.374	-184.598	-163.092	-140.94	-118.23	-95.0508	-71.495	-47.655	-23.625	0.500228	24.6255	48.6555	72.4954	96.0513	119.23	141.94	164.092	185.598	206.374	226.338	245.41	263.515	280.583	296.545	311.339	324.906	337.193	348.151	357.737	365.913	372.647	377.912	381.688	383.96	
427.843	427	424.473	420.274	414.417	406.927	397.833	387.172	374.984	361.318	346.228	329.773	312.02	293.036	272.899	251.686	229.482	206.374	182.454	157.815	132.556	106.776	80.5759	54.06	27.3328	0.499753	-26.3333	-53.0605	-79.5764	-105.776	-131.557	-156.816	-181.454	-205.374	-228.482	-250.686	-271.899	-292.037	-311.02	-328.774	-345.228	-360.318	-373.984	-386.172	-396.834	-405.927	-413.417	-419.274	-423.473	-426	-426.843	-426	-423.473	-419.274	-413.417	-405.927	-396.833	-386.171	-373.983	-360.318	-345.228	-328.773	-311.02	-292.036	-271.899	-250.686	-228.482	-205.374	-181.454	-156.815	-131.556	-105.776	-79.5759	-53.0601	-26.3329	0.500218	27.3333	54.0605	80.5763	106.776	132.556	157.816	182.454	206.374	229.482	251.686	272.899	293.037	312.02	329.774	346.228	361.318	374.984	387.172	397.834	406.928	414.417	420.274	424.473	427	
469.282	468.357	465.586	460.979	454.554	446.338	436.362	424.667	411.297	396.306	379.752	361.703	342.227	321.403	299.313	276.043	251.686	226.337	200.097	173.07	145.361	117.081	88.3408	59.2537	29.9348	0.499762	-28.9353	-58.2542	-87.3412	-116.082	-144.362	-172.07	-199.098	-225.338	-250.686	-275.043	-298.313	-320.404	-341.228	-360.703	-378.753	-395.306	-410.297	-423.667	-435.363	-445.338	-453.554	-459.979	-464.586	-467.357	-468.282	-467.357	-464.585	-459.979	-453.554	-445.338	-435.362	-423.667	-410.297	-395.306	-378.752	-360.703	-341.227	-320.403	-298.313	-275.043	-250.686	-225.337	-199.097	-172.07	-144.361	-116.081	-87.3408	-58.2538	-28.9349	0.500208	29.9353	59.2542	88.3412	117.082	145.362	173.07	200.098	226.338	251.686	276.043	299.313	321.404	342.228	361.703	379.753	396.306	411.297	424.667	436.363	446.338	454.554	460.979	465.586	468.357	
508.871	507.868	504.862	499.866	492.899	483.989	473.171	460.488	445.989	429.732	411.781	392.206	371.086	348.504	324.548	299.313	272.899	245.409	216.954	187.644	157.595	126.926	95.759	64.2155	32.4206	0.499772	-31.4211	-63.216	-94.7594	-125.927	-156.595	-186.644	-215.954	-244.41	-271.899	-298.313	-323.548	-347.504	-370.087	-391.207	-410.781	-428.732	-444.989	-459.488	-472.171	-482.989	-491.9	-498.866	-503.862	-506.868	-507.871	-506.868	-503.862	-498.866	-491.899	-482.989	-472.171	-459.488	-444.989	-428.732	-410.781	-391.206	-370.086	-347.504	-323.548	-298.313	-271.899	-244.409	-215.954	-186.644	-156.595	-125.927	-94.759	-63.2156	-31.4207	0.500196	32.4211	64.216	95.7594	126.927	157.595	187.644	216.954	245.41	272.899	299.313	324.548	348.504	371.087	392.207	411.781	429.732	445.989	460.488	473.171	483.99	492.9	499.866	504.862	507.868	
546.453	545.376	542.148	536.783	529.301	519.733	508.115	494.493	478.923	461.464	442.185	421.164	398.483	374.231	348.504	321.403	293.036	263.515	232.955	201.479	169.209	136.273	102.801	68.9259	34.7805	0.499783	-33.7809	-67.9263	-101.802	-135.273	-168.209	-200.479	-231.956	-262.515	-292.037	-320.404	-347.504	-373.231	-397.483	-420.164	-441.186	-460.464	-477.923	-493.494	-507.115	-518.733	-528.301	-535.783	-541.148	-544.376	-545.453	-544.376	-541.148	-535.783	-528.301	-518.732	-507.115	-493.493	-477.923	-460.464	-441.185	-420.164	-397.483	-373.231	-347.504	-320.403	-292.036	-262.515	-231.955	-200.479	-168.209	-135.273	-101.801	-67.9259	-33.7805	0.500184	34.7809	68.9263	102.802	136.273	169.209	201.479	232.956	263.515	293.037	321.404	348.504	374.231	398.483	421.164	442.186	461.464	478.923	494.494	508.115	519.733	529.301	536.783	542.148	545.376	
581.881	580.734	577.297	571.583	563.616	553.426	541.055	526.55	509.968	491.376	470.847	448.462	424.309	398.483	371.086	342.227	312.02	280.582	248.04	214.521	180.157	145.083	109.44	73.3662	37.005	0.499794	-36.0054	-72.3666	-108.44	-144.084	-179.157	-213.521	-247.04	-279.583	-311.02	-341.228	-370.087	-397.483	-423.309	-447.462	-469.848	-490.377	-508.968	-525.55	-540.055	-552.427	-562.616	-570.584	-576.297	-579.734	-580.881	-579.734	-576.297	-570.583	-562.616	-552.426	-540.055	-525.549	-508.968	-490.376	-469.847	-447.462	-423.309	-397.483	-370.086	-341.227	-311.02	-279.582	-247.04	-213.521	-179.157	-144.083	-108.44	-72.3662	-36.0051	0.500171	37.0054	73.3666	109.44	145.084	180.157	214.521	248.04	280.583	312.02	342.228	371.087	398.483	424.309	448.462	470.848	491.377	509.968	526.55	541.055	553.427	563.616	571.584	577.297	580.734	
615.015	613.802	610.169	604.13	595.709	584.938	571.861	556.53	539.003	519.352	497.653	473.992	448.462	421.164	392.206	361.703	329.773	296.545	262.148	226.718	190.395	153.323	115.648	77.5189	39.0855	0.499806	-38.0859	-76.5193	-114.649	-152.324	-189.396	-225.718	-261.148	-295.545	-328.774	-360.703	-391.207	-420.164	-447.462	-472.992	-496.653	-518.352	-538.004	-555.53	-570.861	-583.938	-594.709	-603.13	-609.169	-612.802	-614.015	-612.802	-609.169	-603.13	-594.709	-583.938	-570.861	-555.53	-538.003	-518.352	-496.653	-472.992	-447.462	-420.164	-391.206	-360.703	-328.773	-295.545	-261.148	-225.718	-189.395	-152.323	-114.648	-76.519	-38.0855	0.500157	39.0859	77.5193	115.649	153.324	190.396	226.718	262.148	296.545	329.774	361.703	392.207	421.164	448.462	473.992	497.653	519.352	539.004	556.53	571.862	584.938	595.709	604.13	610.169	613.802	
645.723	644.45	640.635	634.294	625.452	614.144	600.413	584.315	565.913	545.28	522.496	497.653	470.847	442.185	411.781	379.752	346.228	311.338	275.222	238.022	199.885	160.96	121.403	81.3677	41.0137	0.499819	-40.0141	-80.3681	-120.403	-159.961	-198.885	-237.023	-274.223	-310.339	-345.228	-378.753	-410.781	-441.186	-469.848	-496.653	-521.497	-544.28	-564.913	-583.315	-599.413	-613.144	-624.452	-633.294	-639.635	-643.45	-644.723	-643.45	-639.635	-633.294	-624.452	-613.144	-599.413	-583.315	-564.913	-544.28	-521.496	-496.653	-469.847	-441.185	-410.781	-378.752	-345.228	-310.338	-274.223	-237.022	-198.885	-159.96	-120.403	-80.3678	-40.0138	0.500143	41.014	81.368	121.403	160.961	199.885	238.023	275.223	311.339	346.228	379.753	411.781	442.186	470.848	497.653	522.497	545.28	565.913	584.315	600.413	614.144	625.452	634.294	640.635	644.45	
673.885	672.556	668.575	661.957	652.729	640.927	626.597	609.797	590.592	569.058	545.28	519.352	491.376	461.464	429.732	396.306	361.318	324.906	287.213	248.389	208.587	167.964	126.68	84.8973	42.782	0.499833	-41.7824	-83.8977	-125.68	-166.964	-207.588	-247.39	-286.214	-323.906	-360.318	-395.306	-428.732	-460.464	-490.377	-518.352	-544.28	-568.058	-589.592	-608.797	-625.598	-639.927	-651.729	-660.957	-667.575	-671.556	-672.885	-671.556	-667.575	-660.957	-651.729	-639.927	-625.597	-608.797	-589.592	-568.058	-544.28	-518.352	-490.376	-460.464	-428.732	-395.306	-360.318	-323.906	-286.213	-247.389	-207.587	-166.964	-125.68	-83.8974	-41.7821	0.500128	42.7823	84.8976	126.68	167.964	208.588	248.39	287.213	324.906	361.318	396.306	429.732	461.464	491.377	519.352	545.28	569.058	590.592	609.797	626.598	640.927	652.729	661.958	668.575	672.556	
699.389	698.01	693.878	687.01	677.432	665.183	650.311	632.874	612.941	590.592	565.913	539.003	509.968	478.923	445.989	411.297	374.983	337.192	298.072	257.778	216.469	174.307	131.459	88.0939	44.3835	0.499847	-43.3838	-87.0942	-130.459	-173.307	-215.469	-256.778	-297.073	-336.193	-373.984	-410.297	-444.989	-477.923	-508.968	-538.004	-564.913	-589.592	-611.941	-631.874	-649.311	-664.183	-676.432	-686.01	-692.878	-697.01	-698.389	-697.01	-692.878	-686.01	-676.432	-664.183	-649.311	-631.874	-611.941	-589.592	-564.913	-538.003	-508.968	-477.923	-444.989	-410.297	-373.984	-336.192	-297.072	-256.778	-215.469	-173.307	-130.459	-87.0939	-43.3835	0.500112	44.3837	88.0942	131.459	174.307	216.469	257.778	298.073	337.193	374.984	411.297	445.989	478.923	509.968	539.004	565.913	590.592	612.941	632.874	650.311	665.183	677.432	687.01	693.878	698.01	
722.135	720.711	716.445	709.353	699.464	686.816	671.46	653.455	632.874	609.797	584.315	556.53	526.549	494.493	460.488	424.667	387.171	348.15	307.757	266.152	223.497	179.963	135.721	90.9448	45.8117	0.499862	-44.812	-89.945	-134.721	-178.964	-222.498	-265.152	-306.758	-347.151	-386.172	-423.667	-459.488	-493.494	-525.55	-555.53	-583.315	-608.797	-631.874	-652.455	-670.46	-685.816	-698.464	-708.353	-715.445	-719.711	-721.135	-719.711	-715.445	-708.353	-698.464	-685.816	-670.46	-652.455	-631.874	-608.797	-583.315	-555.53	-525.55	-493.493	-459.488	-423.667	-386.172	-347.15	-306.757	-265.152	-222.498	-178.963	-134.721	-89.9448	-44.8118	0.500096	45.812	90.945	135.721	179.964	223.498	266.152	307.758	348.151	387.172	424.667	460.488	494.494	526.55	556.53	584.315	609.797	632.874	653.455	671.46	686.816	699.464	709.353	716.445	720.711	
742.034	740.57	736.186	728.899	718.737	705.74	689.96	671.46	650.311	626.597	600.413	571.861	541.055	508.115	473.171	436.362	397.833	357.736	316.23	273.477	229.646	184.912	139.449	93.4387	47.0612	0.499877	-46.0614	-92.4389	-138.45	-183.912	-228.647	-272.477	-315.23	-356.737	-396.834	-435.363	-472.171	-507.115	-540.055	-570.862	-599.413	-625.598	-649.311	-670.46	-688.961	-704.74	-717.737	-727.899	-735.186	-739.57	-741.034	-739.57	-735.186	-727.899	-717.737	-704.74	-688.96	-670.46	-649.311	-625.597	-599.413	-570.861	-540.055	-507.115	-472.171	-435.362	-396.833	-356.736	-315.23	-272.477	-228.646	-183.912	-138.449	-92.4387	-46.0612	0.50008	47.0614	93.4389	139.45	184.912	229.647	273.477	316.23	357.737	397.834	436.363	473.171	508.115	541.055	571.862	600.413	626.598	650.311	671.46	689.961	705.74	718.737	728.899	736.186	740.57	
759.005	757.509	753.024	745.57	735.175	721.881	705.74	686.816	665.183	640.927	614.144	584.938	553.426	519.733	483.989	446.338	406.927	365.913	323.456	279.724	234.891	189.132	142.63	95.5658	48.1268	0.499893	-47.127	-94.566	-141.63	-188.133	-233.891	-278.725	-322.456	-364.913	-405.928	-445.338	-482.99	-518.733	-552.427	-583.938	-613.144	-639.927	-664.183	-685.816	-704.74	-720.881	-734.175	-744.57	-752.024	-756.509	-758.005	-756.508	-752.024	-744.57	-734.175	-720.881	-704.74	-685.816	-664.183	-639.927	-613.144	-583.938	-552.426	-518.733	-482.989	-445.338	-405.927	-364.913	-322.456	-278.724	-233.891	-188.133	-141.63	-94.5659	-47.1269	0.500063	48.127	95.566	142.63	189.133	234.891	279.724	323.456	365.913	406.927	446.338	483.989	519.733	553.427	584.938	614.144	640.927	665.183	686.816	705.74	721.881	735.175	745.57	753.024	757.509	
772.983	771.459	766.892	759.301	748.714	735.175	718.737	699.464	677.432	652.729	625.452	595.709	563.616	529.301	492.899	454.554	414.417	372.647	329.407	284.87	239.21	192.609	145.249	97.3178	49.0045	0.499909	-48.0047	-96.3179	-144.249	-191.609	-238.211	-283.87	-328.408	-371.647	-413.417	-453.554	-491.9	-528.301	-562.616	-594.709	-624.452	-651.729	-676.432	-698.464	-717.737	-734.175	-747.714	-758.301	-765.892	-770.459	-771.983	-770.459	-765.892	-758.301	-747.714	-734.175	-717.737	-698.464	-676.432	-651.729	-624.452	-594.709	-562.616	-528.301	-491.899	-453.554	-413.417	-371.647	-328.407	-283.87	-238.21	-191.609	-144.249	-96.3178	-48.0046	0.500046	49.0047	97.3179	145.249	192.609	239.211	284.87	329.407	372.647	414.417	454.554	492.9	529.301	563.616	595.709	625.452	652.729	677.432	699.464	718.737	735.175	748.714	759.301	766.892	771.459	
